0	1	1.0
0	126	0.6190476190476191
1	2	1.0
2	3	1.0
3	4	1.0
3	5	0.7142857142857143
4	5	1.0
4	11	0.7142857142857143
5	6	1.0
5	7	0.9047619047619048
5	11	0.7619047619047619
5	13	0.9047619047619048
5	716	0.9523809523809523
5	720	0.42857142857142855
6	7	1.0
6	709	0.6666666666666666
6	712	1.0
6	713	1.0
6	716	1.0
7	8	1.0
7	9	0.6190476190476191
7	11	0.7619047619047619
7	12	0.9523809523809523
7	13	0.9523809523809523
7	713	1.0
8	9	1.0
8	12	0.8095238095238095
8	14	0.9523809523809523
8	15	1.0
9	10	1.0
9	11	0.8571428571428571
9	12	1.0
9	15	0.7142857142857143
9	93	0.9523809523809523
9	95	0.8571428571428571
10	11	1.0
10	12	0.19047619047619047
10	74	1.0
10	94	1.0
11	12	1.0
12	13	1.0
12	15	0.23809523809523808
13	14	1.0
13	716	0.6666666666666666
13	717	1.0
13	720	0.42857142857142855
13	721	1.0
14	15	1.0
14	721	0.19047619047619047
14	737	0.5238095238095238
15	16	1.0
15	19	0.8095238095238095
16	17	1.0
16	18	0.9523809523809523
16	19	0.9047619047619048
17	18	1.0
17	36	0.23809523809523808
17	37	1.0
18	19	1.0
18	34	0.8095238095238095
18	36	1.0
19	20	1.0
19	21	0.9523809523809523
19	35	1.0
19	96	1.0
20	21	1.0
20	32	0.9047619047619048
20	34	1.0
20	96	0.6666666666666666
21	22	1.0
21	23	0.8571428571428571
21	33	1.0
21	35	1.0
21	96	1.0
21	98	0.8571428571428571
22	23	1.0
22	32	1.0
22	96	0.5238095238095238
22	97	1.0
23	24	1.0
23	25	0.6666666666666666
23	31	1.0
23	33	0.7142857142857143
23	48	1.0
23	98	1.0
24	25	1.0
24	30	1.0
24	99	1.0
25	26	1.0
25	27	1.0
25	28	1.0
25	29	1.0
25	31	0.5714285714285714
25	52	1.0
25	100	1.0
26	27	1.0
26	61	0.6190476190476191
26	67	0.6190476190476191
26	100	1.0
27	28	1.0
27	29	1.0
27	57	1.0
27	60	0.9523809523809523
27	61	0.9523809523809523
28	29	1.0
29	30	1.0
29	31	0.8571428571428571
29	55	0.9523809523809523
29	57	0.8571428571428571
30	31	1.0
31	32	1.0
31	33	0.7619047619047619
31	51	1.0
31	52	0.7619047619047619
31	55	0.7619047619047619
32	33	1.0
33	34	1.0
33	35	0.9523809523809523
33	47	0.8095238095238095
33	48	0.9523809523809523
33	51	0.8095238095238095
34	35	1.0
35	36	1.0
35	39	1.0
35	44	0.9523809523809523
35	88	1.0
36	37	1.0
36	38	1.0
36	39	1.0
37	38	1.0
37	88	1.0
37	89	1.0
38	39	1.0
38	87	1.0
38	89	0.9047619047619048
38	741	1.0
39	40	1.0
39	43	1.0
39	44	0.9523809523809523
39	88	1.0
40	41	1.0
40	42	1.0
40	43	0.9523809523809523
40	85	1.0
40	87	1.0
41	42	1.0
41	44	1.0
41	45	1.0
41	69	0.9523809523809523
41	81	0.8571428571428571
41	84	1.0
41	86	0.9523809523809523
42	43	1.0
42	45	1.0
42	46	0.47619047619047616
42	84	1.0
43	44	1.0
43	46	0.9523809523809523
43	47	0.5714285714285714
44	45	1.0
44	47	1.0
44	48	1.0
44	88	0.47619047619047616
45	46	1.0
45	48	1.0
45	49	0.8571428571428571
45	64	1.0
46	47	1.0
46	49	0.6190476190476191
46	64	0.7142857142857143
47	48	1.0
47	50	1.0
47	51	0.8571428571428571
48	49	1.0
48	51	1.0
48	52	1.0
49	50	1.0
49	52	1.0
49	61	0.5714285714285714
49	64	1.0
50	51	1.0
50	53	0.9523809523809523
51	52	1.0
51	54	0.9047619047619048
52	53	1.0
52	55	1.0
52	58	1.0
52	61	0.6190476190476191
53	54	1.0
53	58	1.0
54	55	1.0
55	56	1.0
55	58	0.9047619047619048
56	57	1.0
57	58	1.0
57	60	0.9047619047619048
58	59	1.0
58	61	1.0
59	60	1.0
60	61	1.0
61	62	1.0
62	63	1.0
62	66	1.0
63	64	1.0
63	65	1.0
63	66	1.0
64	65	1.0
64	67	0.7142857142857143
65	66	1.0
66	67	1.0
67	68	1.0
67	100	1.0
67	102	0.9047619047619048
68	69	1.0
68	80	0.6190476190476191
68	81	1.0
68	82	1.0
68	101	0.9523809523809523
68	103	1.0
69	70	1.0
69	71	0.6666666666666666
69	81	1.0
69	98	1.0
69	100	1.0
70	71	1.0
70	78	1.0
70	80	1.0
70	99	1.0
70	101	1.0
71	72	1.0
71	78	0.23809523809523808
71	93	1.0
71	97	1.0
71	98	1.0
71	99	0.9523809523809523
72	73	1.0
72	76	0.5714285714285714
72	78	1.0
72	94	1.0
73	74	1.0
73	75	1.0
73	77	0.9523809523809523
73	79	1.0
73	92	1.0
73	93	0.8095238095238095
73	94	1.0
74	75	1.0
74	92	1.0
74	94	1.0
75	76	1.0
75	77	1.0
75	123	1.0
76	77	1.0
76	94	0.6666666666666666
77	78	1.0
77	123	1.0
77	124	0.19047619047619047
77	125	0.38095238095238093
78	79	1.0
79	80	1.0
79	81	0.6190476190476191
80	81	1.0
80	82	0.8571428571428571
80	104	0.047619047619047616
80	110	0.8571428571428571
81	82	1.0
81	86	0.6666666666666666
81	91	0.9047619047619048
82	83	1.0
82	107	0.9523809523809523
82	110	1.0
82	111	0.9047619047619048
83	84	1.0
83	85	1.0
83	86	1.0
83	111	0.9523809523809523
84	85	1.0
85	86	1.0
86	87	1.0
86	90	1.0
87	88	1.0
87	89	1.0
87	90	1.0
88	89	1.0
88	91	0.8095238095238095
89	90	1.0
89	742	1.0
90	91	1.0
91	92	1.0
91	93	1.0
92	93	1.0
93	94	1.0
93	95	1.0
94	95	1.0
95	96	1.0
95	97	1.0
96	97	1.0
97	98	1.0
98	99	1.0
99	100	1.0
99	101	0.9047619047619048
100	101	1.0
101	102	1.0
102	103	1.0
103	104	1.0
104	105	1.0
105	106	1.0
106	107	1.0
106	108	1.0
106	109	0.9523809523809523
106	110	0.7619047619047619
107	108	1.0
107	110	1.0
107	111	0.9523809523809523
108	109	1.0
108	111	0.9047619047619048
108	112	0.7142857142857143
109	110	1.0
109	112	1.0
109	113	0.7142857142857143
110	111	1.0
110	113	0.9523809523809523
110	114	0.2857142857142857
111	112	1.0
111	114	0.9047619047619048
111	115	0.7619047619047619
112	113	1.0
112	115	1.0
113	114	1.0
113	116	0.9523809523809523
113	117	0.2857142857142857
114	115	1.0
114	117	0.9047619047619048
114	118	0.9047619047619048
115	116	1.0
115	118	0.9047619047619048
115	119	0.6666666666666666
115	702	1.0
116	117	1.0
116	119	1.0
116	120	0.9047619047619048
116	688	0.9047619047619048
116	691	1.0
117	118	1.0
117	119	1.0
117	120	1.0
117	121	1.0
118	119	1.0
118	121	1.0
118	702	1.0
119	120	1.0
119	691	1.0
119	698	0.7142857142857143
119	701	1.0
119	702	1.0
119	705	1.0
120	121	1.0
120	122	1.0
120	127	0.09523809523809523
120	684	0.9523809523809523
120	687	1.0
120	688	0.7619047619047619
121	122	1.0
122	123	1.0
122	126	0.8095238095238095
122	127	0.14285714285714285
122	680	0.09523809523809523
123	124	1.0
123	125	1.0
123	126	0.9523809523809523
124	125	1.0
124	128	0.7142857142857143
124	129	0.19047619047619047
125	126	1.0
125	129	0.7142857142857143
126	127	1.0
126	680	0.38095238095238093
126	681	0.3333333333333333
127	128	1.0
127	680	0.3333333333333333
127	681	0.5714285714285714
127	684	0.5714285714285714
127	685	1.0
128	129	1.0
128	130	0.19047619047619047
129	130	1.0
129	131	0.23809523809523808
130	131	1.0
130	135	1.0
130	136	0.8095238095238095
130	139	0.47619047619047616
131	132	1.0
131	465	0.047619047619047616
131	467	0.14285714285714285
132	133	1.0
132	134	0.9523809523809523
132	135	1.0
132	463	0.47619047619047616
132	465	0.09523809523809523
133	134	1.0
133	136	1.0
133	137	0.8571428571428571
134	135	1.0
134	137	1.0
135	136	1.0
135	138	1.0
135	139	0.6190476190476191
135	465	0.047619047619047616
135	644	0.23809523809523808
136	137	1.0
136	139	1.0
137	138	1.0
137	140	1.0
137	141	1.0
138	139	1.0
138	141	0.9523809523809523
138	142	1.0
138	644	1.0
138	645	1.0
138	685	0.23809523809523808
139	140	1.0
139	142	0.8571428571428571
139	685	0.9047619047619048
140	141	1.0
140	143	0.8095238095238095
140	307	0.9523809523809523
141	142	1.0
141	144	1.0
141	645	1.0
142	143	1.0
142	145	1.0
142	645	1.0
142	685	0.23809523809523808
142	689	1.0
143	144	1.0
143	146	1.0
143	147	0.9523809523809523
143	303	0.9047619047619048
143	307	1.0
143	689	0.9523809523809523
144	145	1.0
144	147	1.0
145	146	1.0
145	148	1.0
145	149	0.9047619047619048
145	650	1.0
145	653	1.0
146	147	1.0
146	149	1.0
146	150	0.8571428571428571
146	301	0.6190476190476191
146	657	0.9523809523809523
146	689	1.0
146	692	0.42857142857142855
146	693	1.0
147	148	1.0
147	150	0.8571428571428571
147	301	0.9047619047619048
148	149	1.0
148	151	1.0
148	152	0.7619047619047619
149	150	1.0
149	152	1.0
149	654	1.0
149	657	1.0
149	658	1.0
149	693	0.5238095238095238
150	151	1.0
150	153	1.0
150	154	0.7142857142857143
150	300	0.19047619047619047
150	301	1.0
150	693	1.0
151	152	1.0
151	154	0.9523809523809523
152	153	1.0
152	155	0.9047619047619048
152	658	0.9523809523809523
153	154	1.0
153	160	1.0
153	161	0.9523809523809523
153	164	1.0
153	658	1.0
154	155	1.0
154	157	1.0
155	156	1.0
155	160	1.0
156	157	1.0
156	159	1.0
156	160	1.0
157	158	1.0
157	160	1.0
157	161	1.0
158	159	1.0
158	161	1.0
158	162	1.0
158	293	1.0
159	160	1.0
159	162	1.0
159	163	0.9523809523809523
160	161	1.0
160	163	1.0
161	162	1.0
161	164	1.0
162	163	1.0
162	165	0.6190476190476191
162	166	1.0
162	261	0.9523809523809523
162	292	0.6666666666666666
162	293	0.9047619047619048
162	296	0.9047619047619048
163	164	1.0
163	166	0.6666666666666666
163	167	1.0
163	261	0.8571428571428571
163	262	0.2857142857142857
164	165	1.0
164	658	0.9047619047619048
164	659	0.6190476190476191
164	660	1.0
165	166	1.0
165	296	0.42857142857142855
165	660	1.0
166	167	1.0
166	259	1.0
166	261	1.0
167	168	1.0
167	624	0.9047619047619048
167	659	1.0
167	661	1.0
168	169	1.0
168	170	0.9523809523809523
168	261	0.8095238095238095
168	262	1.0
168	264	0.8095238095238095
169	170	1.0
169	258	0.2857142857142857
169	269	0.5714285714285714
169	270	1.0
169	625	0.9523809523809523
170	171	1.0
170	264	1.0
170	268	1.0
170	269	1.0
170	270	0.8571428571428571
170	623	0.7619047619047619
170	625	0.2857142857142857
171	172	1.0
171	173	0.9523809523809523
171	268	1.0
171	270	1.0
171	273	0.9523809523809523
171	623	0.14285714285714285
171	825	0.047619047619047616
172	173	1.0
172	623	1.0
173	174	1.0
173	175	1.0
173	825	0.42857142857142855
174	175	1.0
174	265	0.5714285714285714
174	268	0.8571428571428571
175	176	1.0
176	177	1.0
176	180	1.0
176	181	0.9047619047619048
176	187	0.47619047619047616
176	267	0.7619047619047619
177	178	1.0
177	179	1.0
177	180	1.0
177	181	0.47619047619047616
177	826	0.14285714285714285
177	827	1.0
177	1066	0.14285714285714285
178	179	1.0
178	181	1.0
179	180	1.0
179	182	0.9523809523809523
179	183	0.7619047619047619
179	1064	0.047619047619047616
179	1066	0.047619047619047616
179	1067	0.42857142857142855
180	181	1.0
180	183	1.0
180	184	0.6666666666666666
180	827	0.3333333333333333
181	182	1.0
181	184	0.7619047619047619
181	187	0.8571428571428571
182	183	1.0
183	184	1.0
184	185	1.0
184	187	1.0
184	188	0.8571428571428571
184	189	0.5238095238095238
184	276	0.09523809523809523
185	186	1.0
185	187	0.7142857142857143
185	188	1.0
186	187	1.0
186	188	0.6190476190476191
186	212	0.14285714285714285
187	188	1.0
187	212	1.0
187	267	0.14285714285714285
188	189	1.0
188	209	0.9523809523809523
188	210	0.47619047619047616
188	211	1.0
188	212	0.47619047619047616
189	190	1.0
189	191	0.8571428571428571
189	210	0.9047619047619048
189	267	0.5238095238095238
189	272	0.2857142857142857
189	276	0.5238095238095238
190	191	1.0
190	207	0.6666666666666666
190	209	1.0
190	281	0.6190476190476191
191	192	1.0
191	193	0.9047619047619048
191	208	1.0
191	210	0.8571428571428571
191	281	0.6190476190476191
191	282	0.6190476190476191
191	284	0.9523809523809523
192	193	1.0
192	207	1.0
192	281	0.5238095238095238
192	283	1.0
193	194	1.0
193	195	0.2857142857142857
193	206	1.0
193	208	0.7142857142857143
193	223	1.0
193	284	1.0
194	195	1.0
194	203	0.9523809523809523
194	205	1.0
194	285	1.0
194	286	0.09523809523809523
194	788	0.8095238095238095
195	196	1.0
195	197	0.7142857142857143
195	204	1.0
195	206	0.23809523809523808
195	223	0.2857142857142857
195	286	1.0
196	197	1.0
196	203	0.9523809523809523
196	286	0.19047619047619047
197	198	1.0
197	200	0.47619047619047616
197	204	0.8571428571428571
197	224	0.047619047619047616
197	227	0.23809523809523808
198	199	1.0
199	200	1.0
200	201	1.0
200	202	0.6666666666666666
200	204	0.19047619047619047
201	202	1.0
202	203	1.0
203	204	1.0
204	205	1.0
205	206	1.0
206	207	1.0
206	208	0.8571428571428571
206	226	1.0
207	208	1.0
208	209	1.0
209	210	1.0
210	211	1.0
210	214	1.0
210	219	0.9523809523809523
210	266	0.42857142857142855
211	212	1.0
211	213	1.0
211	214	1.0
212	213	1.0
212	267	1.0
213	214	1.0
213	265	1.0
214	215	1.0
214	218	1.0
214	219	0.9047619047619048
214	265	0.7619047619047619
214	266	1.0
215	216	1.0
215	217	1.0
215	218	1.0
215	263	1.0
215	264	0.5238095238095238
215	265	1.0
215	266	0.38095238095238093
216	217	1.0
216	219	1.0
216	220	0.7619047619047619
216	250	0.047619047619047616
216	251	1.0
216	260	1.0
216	263	0.23809523809523808
217	218	1.0
217	220	1.0
217	221	0.6190476190476191
217	246	0.9047619047619048
218	219	1.0
218	221	1.0
218	222	0.8095238095238095
219	220	1.0
219	222	1.0
220	221	1.0
220	223	1.0
220	245	0.14285714285714285
220	246	1.0
220	249	1.0
220	250	0.047619047619047616
221	222	1.0
221	225	0.9047619047619048
221	242	1.0
221	246	1.0
222	223	1.0
222	225	1.0
222	226	0.8571428571428571
223	224	1.0
223	226	1.0
224	225	1.0
224	227	1.0
224	228	0.9047619047619048
224	241	0.3333333333333333
224	242	0.7619047619047619
224	245	1.0
225	226	1.0
225	228	1.0
225	235	0.5714285714285714
225	238	0.047619047619047616
225	242	0.7619047619047619
226	227	1.0
226	229	1.0
226	230	0.9047619047619048
227	228	1.0
227	230	1.0
227	231	0.8095238095238095
228	229	1.0
228	231	1.0
228	233	1.0
228	235	1.0
228	238	0.3333333333333333
229	230	1.0
229	235	0.6190476190476191
230	231	1.0
231	232	1.0
231	233	1.0
232	233	1.0
233	234	1.0
234	235	1.0
234	236	0.38095238095238093
234	237	0.9523809523809523
234	238	0.6190476190476191
235	236	1.0
235	238	0.7619047619047619
236	237	1.0
237	238	1.0
238	239	1.0
238	241	0.5238095238095238
238	242	0.3333333333333333
239	240	1.0
239	242	0.9047619047619048
239	243	0.9047619047619048
240	241	1.0
240	243	1.0
240	244	0.8571428571428571
241	242	1.0
241	244	0.38095238095238093
241	245	0.7142857142857143
242	243	1.0
242	245	0.7142857142857143
242	246	0.9047619047619048
243	244	1.0
243	246	0.6666666666666666
244	245	1.0
244	247	0.23809523809523808
244	248	0.42857142857142855
245	246	1.0
245	248	1.0
245	249	0.47619047619047616
246	247	1.0
247	248	1.0
247	289	0.7142857142857143
248	249	1.0
248	288	0.5714285714285714
248	289	1.0
249	250	1.0
249	286	1.0
249	288	0.9523809523809523
249	289	1.0
250	251	1.0
250	259	0.9047619047619048
250	260	0.09523809523809523
250	261	0.7619047619047619
250	287	1.0
250	289	1.0
250	292	0.7619047619047619
251	252	1.0
251	260	1.0
251	284	1.0
252	253	1.0
252	258	0.38095238095238093
252	259	1.0
252	285	1.0
252	287	0.9047619047619048
253	254	1.0
253	255	0.7619047619047619
253	256	1.0
253	258	1.0
253	271	0.9047619047619048
253	284	0.9047619047619048
254	255	1.0
254	283	1.0
254	284	0.9047619047619048
254	285	1.0
254	788	1.0
254	791	0.9047619047619048
255	256	1.0
255	784	0.8571428571428571
255	786	1.0
255	788	1.0
255	789	0.9523809523809523
255	791	0.8571428571428571
255	792	1.0
256	257	1.0
256	258	1.0
256	757	0.9523809523809523
256	758	0.9523809523809523
256	792	0.5714285714285714
257	258	1.0
257	757	1.0
257	758	0.7142857142857143
257	759	0.9523809523809523
258	259	1.0
258	757	1.0
259	260	1.0
259	261	1.0
260	261	1.0
260	269	0.9523809523809523
261	262	1.0
262	263	1.0
262	264	1.0
263	264	1.0
264	265	1.0
264	268	1.0
264	269	0.8571428571428571
265	266	1.0
265	267	1.0
265	268	1.0
266	267	1.0
266	269	1.0
266	272	1.0
267	268	1.0
267	272	0.5238095238095238
267	273	0.38095238095238093
268	269	1.0
268	273	0.38095238095238093
269	270	1.0
269	271	1.0
269	272	1.0
270	271	1.0
270	273	1.0
270	274	0.9047619047619048
270	625	0.9047619047619048
271	272	1.0
271	274	1.0
271	275	0.6666666666666666
271	282	0.5714285714285714
272	273	1.0
272	275	1.0
272	282	0.7619047619047619
273	274	1.0
273	824	0.19047619047619047
274	275	1.0
274	277	1.0
274	278	0.5714285714285714
274	824	0.047619047619047616
275	276	1.0
275	278	0.9047619047619048
275	280	1.0
275	281	0.7619047619047619
275	282	1.0
276	277	1.0
277	278	1.0
277	824	0.8095238095238095
277	827	0.047619047619047616
277	829	0.19047619047619047
278	279	1.0
278	280	1.0
279	280	1.0
280	281	1.0
281	282	1.0
281	283	0.2857142857142857
282	283	1.0
282	284	0.8095238095238095
283	284	1.0
283	791	0.9047619047619048
284	285	1.0
285	286	1.0
285	788	0.9047619047619048
286	287	1.0
287	288	1.0
287	292	0.42857142857142855
288	289	1.0
288	290	1.0
288	291	1.0
289	290	1.0
289	292	0.8095238095238095
289	293	0.8571428571428571
290	291	1.0
290	293	0.9047619047619048
290	294	0.9523809523809523
291	292	1.0
291	294	0.42857142857142855
291	295	0.38095238095238093
292	293	1.0
292	295	0.6666666666666666
293	294	1.0
294	295	1.0
295	296	1.0
296	297	1.0
297	298	1.0
297	696	1.0
298	299	1.0
299	300	1.0
299	695	1.0
300	301	1.0
301	302	1.0
301	693	0.8571428571428571
302	303	1.0
303	304	1.0
303	307	1.0
303	308	1.0
304	305	1.0
304	306	1.0
304	307	1.0
305	306	1.0
305	308	0.9523809523809523
306	307	1.0
307	308	1.0
308	309	1.0
309	310	1.0
310	311	1.0
311	312	1.0
312	313	1.0
313	314	1.0
313	315	0.38095238095238093
314	315	1.0
315	316	1.0
316	317	1.0
317	318	1.0
318	319	1.0
318	322	0.3333333333333333
319	320	1.0
319	322	0.7619047619047619
320	321	1.0
321	322	1.0
322	323	1.0
322	481	0.9047619047619048
323	324	1.0
323	481	0.7142857142857143
323	482	1.0
323	484	1.0
324	325	1.0
324	328	0.8095238095238095
324	481	1.0
324	483	1.0
325	326	1.0
325	327	1.0
325	328	1.0
325	484	0.38095238095238093
325	486	1.0
326	327	1.0
326	329	0.9047619047619048
326	392	0.6190476190476191
326	393	1.0
326	395	0.14285714285714285
326	435	0.5714285714285714
326	483	1.0
326	485	1.0
326	486	1.0
327	328	1.0
327	393	1.0
327	486	1.0
328	329	1.0
329	330	1.0
329	331	1.0
329	392	1.0
329	479	0.9047619047619048
329	483	0.9047619047619048
330	331	1.0
331	332	1.0
331	392	1.0
332	333	1.0
332	390	0.8571428571428571
332	391	1.0
332	392	0.7142857142857143
333	334	1.0
333	388	1.0
333	390	1.0
333	392	1.0
334	335	1.0
334	385	1.0
334	386	0.6190476190476191
334	387	1.0
334	388	0.38095238095238093
334	477	1.0
335	336	1.0
335	386	1.0
335	474	0.8095238095238095
335	476	1.0
336	337	1.0
336	338	1.0
336	384	0.47619047619047616
336	385	1.0
336	474	0.8095238095238095
336	475	1.0
337	338	1.0
337	355	1.0
337	372	1.0
337	382	1.0
337	384	1.0
337	386	0.8095238095238095
337	474	0.8571428571428571
338	339	1.0
338	383	1.0
338	473	1.0
338	474	0.9047619047619048
338	475	0.9523809523809523
339	340	1.0
339	380	0.8571428571428571
339	381	1.0
339	473	1.0
340	341	1.0
340	380	1.0
340	405	1.0
340	470	0.9523809523809523
340	471	0.3333333333333333
340	472	1.0
341	342	1.0
341	470	0.9523809523809523
341	471	1.0
342	343	1.0
342	380	0.23809523809523808
342	470	0.7619047619047619
343	344	1.0
343	353	0.8095238095238095
343	377	0.6190476190476191
343	380	0.8571428571428571
343	421	0.8095238095238095
343	470	0.8571428571428571
344	345	1.0
344	346	0.14285714285714285
345	346	1.0
346	347	1.0
346	348	1.0
346	349	1.0
346	350	0.9523809523809523
347	348	1.0
348	349	1.0
349	350	1.0
349	409	0.9523809523809523
349	449	0.19047619047619047
350	351	1.0
350	377	0.8095238095238095
350	407	1.0
350	409	1.0
351	352	1.0
351	408	0.8095238095238095
351	409	0.9047619047619048
351	410	0.9047619047619048
352	353	1.0
352	374	1.0
352	375	0.9523809523809523
352	376	0.6190476190476191
352	408	1.0
353	354	1.0
353	375	1.0
353	377	1.0
353	380	0.9523809523809523
353	405	0.5714285714285714
353	407	1.0
353	421	0.14285714285714285
354	355	1.0
354	356	0.3333333333333333
354	371	1.0
354	372	1.0
354	374	1.0
354	406	1.0
355	356	1.0
355	357	0.9047619047619048
355	372	1.0
355	382	0.8095238095238095
355	403	0.8095238095238095
355	405	1.0
355	406	0.5714285714285714
356	357	1.0
356	369	0.8095238095238095
356	371	1.0
356	404	1.0
356	406	1.0
356	454	1.0
356	455	0.9047619047619048
357	358	1.0
357	369	0.5714285714285714
357	370	1.0
357	386	1.0
357	403	1.0
358	359	1.0
358	360	0.7619047619047619
358	367	0.3333333333333333
358	369	1.0
358	370	0.9523809523809523
358	402	1.0
359	360	1.0
359	366	1.0
359	367	1.0
359	388	0.9047619047619048
359	390	0.8095238095238095
359	399	1.0
359	401	1.0
360	361	1.0
360	362	0.6190476190476191
360	363	0.9523809523809523
360	364	0.6190476190476191
360	365	1.0
360	366	0.7142857142857143
360	400	1.0
360	402	1.0
360	457	1.0
361	362	1.0
361	364	0.6190476190476191
361	366	1.0
361	396	1.0
361	398	0.7142857142857143
361	399	1.0
361	573	1.0
361	606	0.6190476190476191
362	363	1.0
362	364	0.9523809523809523
362	606	1.0
363	364	1.0
363	457	0.7619047619047619
363	458	0.7619047619047619
364	365	1.0
365	366	1.0
365	367	0.9523809523809523
366	367	1.0
366	390	0.8571428571428571
366	399	0.9047619047619048
367	368	1.0
367	388	1.0
367	389	0.9523809523809523
367	390	0.9523809523809523
368	369	1.0
368	389	0.6190476190476191
369	370	1.0
370	371	1.0
370	386	1.0
371	372	1.0
372	373	1.0
372	382	1.0
372	384	1.0
373	374	1.0
373	382	0.8571428571428571
373	384	0.47619047619047616
374	375	1.0
374	408	0.47619047619047616
375	376	1.0
375	379	0.8571428571428571
375	380	0.3333333333333333
375	381	0.38095238095238093
376	377	1.0
376	378	1.0
376	379	1.0
377	378	1.0
378	379	1.0
379	380	1.0
379	381	1.0
380	381	1.0
381	382	1.0
381	383	0.8571428571428571
382	383	1.0
382	384	1.0
383	384	1.0
384	385	1.0
385	386	1.0
385	387	0.9523809523809523
386	387	1.0
386	388	0.19047619047619047
387	388	1.0
388	389	1.0
388	390	1.0
389	390	1.0
390	391	1.0
390	395	1.0
391	392	1.0
391	393	1.0
391	394	1.0
392	393	1.0
392	395	1.0
393	394	1.0
393	576	0.9047619047619048
394	395	1.0
394	575	1.0
394	576	1.0
395	396	1.0
395	399	0.9523809523809523
396	397	1.0
396	398	1.0
396	399	1.0
396	573	1.0
396	579	0.6666666666666666
397	398	1.0
397	429	1.0
397	485	1.0
398	399	1.0
398	606	1.0
398	607	1.0
398	608	0.47619047619047616
399	400	1.0
399	428	1.0
400	401	1.0
400	402	1.0
400	425	1.0
400	426	0.6190476190476191
400	427	0.9523809523809523
400	428	0.6666666666666666
400	461	0.8571428571428571
400	642	0.7619047619047619
401	402	1.0
401	403	0.8571428571428571
401	426	1.0
401	428	0.9523809523809523
402	403	1.0
402	425	1.0
402	455	1.0
402	457	1.0
403	404	1.0
403	424	1.0
404	405	1.0
404	406	1.0
404	420	1.0
404	422	0.47619047619047616
404	423	1.0
404	454	1.0
404	455	1.0
405	406	1.0
405	421	1.0
405	422	1.0
405	444	0.5238095238095238
405	470	0.47619047619047616
405	472	0.7142857142857143
406	407	1.0
406	418	0.9523809523809523
406	420	1.0
406	421	0.9047619047619048
406	454	1.0
407	408	1.0
407	419	1.0
407	421	1.0
408	409	1.0
408	416	1.0
408	418	1.0
409	410	1.0
409	411	0.3333333333333333
409	417	1.0
410	411	1.0
410	416	1.0
410	417	0.7142857142857143
411	412	1.0
411	415	0.3333333333333333
411	416	0.47619047619047616
411	417	0.5714285714285714
412	413	1.0
412	414	0.38095238095238093
412	415	0.047619047619047616
413	414	1.0
414	415	1.0
415	416	1.0
416	417	1.0
417	418	1.0
418	419	1.0
419	420	1.0
419	449	0.38095238095238093
419	450	0.42857142857142855
419	451	0.42857142857142855
419	452	0.047619047619047616
420	421	1.0
420	423	0.9523809523809523
420	447	1.0
420	451	0.47619047619047616
420	454	1.0
421	422	1.0
422	423	1.0
422	444	1.0
422	445	0.8571428571428571
422	446	0.9047619047619048
422	447	0.6190476190476191
422	470	0.9523809523809523
423	424	1.0
423	444	1.0
423	445	1.0
423	456	1.0
424	425	1.0
424	444	1.0
424	445	1.0
425	426	1.0
425	459	1.0
425	461	1.0
425	462	0.7619047619047619
426	427	1.0
426	442	0.8095238095238095
426	461	0.8095238095238095
426	462	0.9523809523809523
427	428	1.0
427	429	1.0
427	461	0.9047619047619048
427	642	1.0
428	429	1.0
428	435	0.6190476190476191
428	436	1.0
429	430	1.0
429	435	1.0
429	485	0.7619047619047619
430	431	1.0
430	432	1.0
430	433	0.09523809523809523
430	434	1.0
431	432	1.0
432	433	1.0
432	434	1.0
433	434	1.0
433	484	1.0
433	485	1.0
434	435	1.0
434	482	0.9047619047619048
434	484	1.0
435	436	1.0
435	483	1.0
436	437	1.0
436	440	0.09523809523809523
436	476	1.0
437	438	1.0
437	476	1.0
437	482	0.2857142857142857
438	439	1.0
438	475	1.0
438	476	1.0
439	440	1.0
439	475	1.0
440	441	1.0
440	474	1.0
441	442	1.0
441	471	1.0
441	472	0.047619047619047616
441	473	1.0
442	443	1.0
442	462	0.047619047619047616
442	463	1.0
442	472	1.0
443	444	1.0
443	463	1.0
443	464	1.0
443	469	0.8095238095238095
443	471	1.0
444	445	1.0
444	446	0.14285714285714285
444	464	1.0
444	469	0.9523809523809523
444	470	1.0
444	472	1.0
445	446	1.0
445	464	1.0
446	447	1.0
446	469	0.9523809523809523
446	470	0.19047619047619047
447	448	1.0
447	451	0.7619047619047619
448	449	1.0
448	450	0.5714285714285714
449	450	1.0
450	451	1.0
451	452	1.0
451	453	0.9047619047619048
452	453	1.0
453	454	1.0
454	455	1.0
455	456	1.0
455	457	1.0
456	457	1.0
456	458	0.38095238095238093
456	459	1.0
457	458	1.0
458	459	1.0
459	460	1.0
460	461	1.0
460	639	0.8095238095238095
460	678	1.0
460	679	0.47619047619047616
461	462	1.0
461	642	1.0
462	463	1.0
463	464	1.0
463	465	0.047619047619047616
464	465	1.0
464	466	1.0
464	469	1.0
465	466	1.0
465	681	1.0
466	467	1.0
466	468	1.0
466	469	0.5238095238095238
467	468	1.0
468	469	1.0
469	470	1.0
470	471	1.0
471	472	1.0
472	473	1.0
472	474	0.47619047619047616
473	474	1.0
474	475	1.0
475	476	1.0
476	477	1.0
477	478	1.0
478	479	1.0
479	480	1.0
479	481	0.8571428571428571
480	481	1.0
481	482	1.0
482	483	1.0
482	484	0.7619047619047619
483	484	1.0
484	485	1.0
485	486	1.0
486	487	1.0
486	490	1.0
486	491	0.9523809523809523
487	488	1.0
487	489	1.0
487	490	0.9523809523809523
488	489	1.0
488	491	1.0
489	490	1.0
489	492	0.8571428571428571
489	493	0.42857142857142855
490	491	1.0
490	493	1.0
490	494	0.6666666666666666
491	492	1.0
491	494	1.0
491	495	0.9523809523809523
491	580	1.0
491	583	0.9523809523809523
492	493	1.0
492	495	1.0
492	496	0.8095238095238095
492	584	1.0
493	494	1.0
493	496	1.0
493	497	0.8571428571428571
494	495	1.0
494	497	1.0
494	498	1.0
494	580	1.0
495	496	1.0
495	498	0.9523809523809523
495	580	1.0
495	581	1.0
495	584	1.0
496	497	1.0
496	499	0.8571428571428571
496	500	0.7619047619047619
497	498	1.0
497	500	1.0
497	501	0.9047619047619048
498	499	1.0
498	501	0.9523809523809523
498	502	0.6190476190476191
498	577	1.0
498	580	0.7619047619047619
498	581	1.0
499	500	1.0
499	502	0.9047619047619048
499	503	0.7619047619047619
500	501	1.0
500	503	0.8571428571428571
501	502	1.0
502	503	1.0
502	506	0.8571428571428571
503	504	1.0
503	506	0.8095238095238095
503	507	0.38095238095238093
504	505	1.0
504	506	0.9047619047619048
504	507	0.6666666666666666
505	506	1.0
505	516	0.2857142857142857
506	507	1.0
506	516	0.8571428571428571
507	508	1.0
507	518	0.2857142857142857
508	509	1.0
508	521	0.09523809523809523
509	510	1.0
509	513	0.38095238095238093
509	514	0.047619047619047616
509	516	0.47619047619047616
509	517	0.09523809523809523
510	511	1.0
510	513	0.2857142857142857
511	512	1.0
511	513	0.6666666666666666
512	513	1.0
513	514	1.0
513	516	0.9523809523809523
514	515	1.0
514	517	0.5238095238095238
514	545	0.8095238095238095
514	548	1.0
514	549	0.6666666666666666
514	552	0.5714285714285714
515	516	1.0
515	548	1.0
515	551	0.7619047619047619
515	552	0.9523809523809523
516	517	1.0
517	518	1.0
517	521	0.23809523809523808
517	549	0.3333333333333333
517	552	0.9523809523809523
517	553	0.23809523809523808
518	519	1.0
518	520	0.9047619047619048
519	520	1.0
519	522	0.9523809523809523
519	553	0.9047619047619048
519	556	1.0
520	521	1.0
521	522	1.0
522	523	1.0
522	526	1.0
523	524	1.0
523	525	1.0
523	526	1.0
524	525	1.0
524	527	1.0
524	528	0.6190476190476191
525	526	1.0
525	528	1.0
526	527	1.0
526	529	1.0
526	530	0.47619047619047616
527	528	1.0
527	530	1.0
527	531	0.5238095238095238
528	529	1.0
528	531	1.0
528	532	0.8571428571428571
529	530	1.0
529	532	1.0
529	533	0.3333333333333333
530	531	1.0
530	533	1.0
530	534	0.6666666666666666
530	557	0.3333333333333333
530	560	0.8571428571428571
530	563	0.6190476190476191
531	532	1.0
531	534	1.0
531	535	0.7142857142857143
531	560	0.8571428571428571
532	533	1.0
532	535	0.9047619047619048
533	534	1.0
533	536	1.0
533	563	0.3333333333333333
533	566	1.0
534	535	1.0
534	560	0.8571428571428571
534	562	0.9523809523809523
534	563	1.0
535	536	1.0
536	537	1.0
536	540	1.0
536	566	0.23809523809523808
537	538	1.0
537	539	1.0
537	540	1.0
537	994	0.9523809523809523
537	995	1.0
537	998	1.0
537	1027	0.9047619047619048
538	539	1.0
538	599	0.9523809523809523
538	602	0.6190476190476191
538	995	0.5238095238095238
538	998	1.0
538	999	0.9523809523809523
538	1002	0.8571428571428571
539	540	1.0
539	998	1.0
539	1015	0.8571428571428571
539	1018	0.9523809523809523
539	1022	0.8095238095238095
540	541	1.0
541	542	1.0
542	543	1.0
542	546	1.0
542	547	1.0
542	569	0.6666666666666666
543	544	1.0
543	545	1.0
543	546	1.0
544	545	1.0
544	547	1.0
544	548	0.6190476190476191
545	546	1.0
545	548	1.0
545	549	0.9047619047619048
546	547	1.0
546	549	1.0
546	550	0.8095238095238095
547	548	1.0
547	550	1.0
547	569	0.7142857142857143
547	570	1.0
548	549	1.0
548	551	1.0
548	552	1.0
549	550	1.0
549	552	1.0
549	553	0.14285714285714285
550	551	1.0
550	553	0.7142857142857143
550	566	0.9523809523809523
550	567	1.0
550	570	1.0
551	552	1.0
551	554	1.0
551	570	1.0
552	553	1.0
553	554	1.0
553	556	1.0
553	557	1.0
554	555	1.0
554	557	1.0
554	567	1.0
554	585	1.0
555	556	1.0
556	557	1.0
556	559	1.0
557	558	1.0
557	560	0.9523809523809523
557	563	1.0
557	567	1.0
558	559	1.0
558	561	1.0
558	589	0.9047619047619048
558	590	0.5714285714285714
559	560	1.0
560	561	1.0
560	562	0.6666666666666666
560	563	1.0
561	562	1.0
561	563	0.14285714285714285
561	564	0.8571428571428571
561	589	0.9523809523809523
561	590	1.0
561	592	0.9047619047619048
562	563	1.0
562	592	0.9523809523809523
562	593	0.09523809523809523
562	596	1.0
563	564	1.0
563	566	1.0
563	567	1.0
564	565	1.0
564	567	1.0
564	568	0.9523809523809523
564	589	0.9523809523809523
564	592	0.3333333333333333
565	566	1.0
565	568	0.9523809523809523
565	596	0.2857142857142857
565	599	1.0
565	600	1.0
566	567	1.0
566	569	1.0
567	568	1.0
567	570	1.0
568	569	1.0
568	605	0.9047619047619048
569	570	1.0
570	571	1.0
571	572	1.0
571	573	1.0
571	578	1.0
571	579	0.7619047619047619
571	582	1.0
572	573	1.0
572	574	1.0
573	574	1.0
573	579	0.9523809523809523
574	575	1.0
575	576	1.0
575	577	1.0
575	578	1.0
576	577	1.0
576	579	1.0
576	580	1.0
577	578	1.0
577	580	1.0
578	579	1.0
578	581	1.0
578	582	0.8095238095238095
579	580	1.0
579	582	1.0
579	583	0.5714285714285714
580	581	1.0
580	583	1.0
580	584	0.7619047619047619
581	582	1.0
581	584	1.0
582	583	1.0
582	585	1.0
582	586	0.8571428571428571
583	584	1.0
583	586	1.0
583	587	0.8095238095238095
583	609	1.0
584	585	1.0
584	587	0.9523809523809523
585	586	1.0
585	589	1.0
586	587	1.0
586	589	1.0
586	609	0.9523809523809523
586	610	0.8095238095238095
586	613	1.0
587	588	1.0
588	589	1.0
589	590	1.0
589	613	0.09523809523809523
590	591	1.0
591	592	1.0
591	617	0.9523809523809523
591	620	0.5714285714285714
592	593	1.0
592	596	1.0
592	597	1.0
592	617	1.0
593	594	1.0
593	595	1.0
593	596	1.0
593	597	0.23809523809523808
593	621	0.7619047619047619
594	595	1.0
594	597	1.0
594	598	0.42857142857142855
594	618	1.0
594	621	1.0
594	622	1.0
595	596	1.0
595	993	0.14285714285714285
595	995	0.19047619047619047
595	996	1.0
596	597	1.0
596	599	1.0
597	598	1.0
597	600	1.0
597	614	1.0
597	617	1.0
597	618	0.8571428571428571
598	599	1.0
598	601	1.0
598	996	0.42857142857142855
598	999	1.0
599	600	1.0
599	602	0.9047619047619048
599	995	0.38095238095238093
599	999	1.0
600	601	1.0
600	602	0.14285714285714285
600	610	1.0
600	613	0.3333333333333333
600	614	1.0
601	602	1.0
601	614	1.0
601	637	0.9523809523809523
602	603	1.0
602	604	1.0
602	605	0.5714285714285714
602	999	0.6666666666666666
603	604	1.0
603	637	0.47619047619047616
603	640	0.9047619047619048
604	605	1.0
605	606	1.0
605	607	0.3333333333333333
605	610	1.0
606	607	1.0
606	642	0.2857142857142857
607	608	1.0
607	609	1.0
607	610	1.0
607	611	0.6190476190476191
608	609	1.0
608	611	1.0
608	612	0.9047619047619048
608	647	0.6190476190476191
609	610	1.0
609	612	0.6666666666666666
609	613	0.5714285714285714
610	611	1.0
610	613	1.0
610	614	0.7142857142857143
611	612	1.0
611	614	1.0
611	647	1.0
611	648	0.38095238095238093
612	613	1.0
612	614	1.0
612	615	1.0
612	616	1.0
612	647	1.0
613	614	1.0
613	616	1.0
613	617	0.5238095238095238
614	615	1.0
614	617	0.9523809523809523
615	616	1.0
615	618	1.0
615	619	1.0
615	647	1.0
615	648	1.0
615	651	1.0
616	617	1.0
616	619	1.0
617	618	1.0
617	620	1.0
617	621	0.9523809523809523
618	619	1.0
618	622	1.0
619	620	1.0
620	621	1.0
621	622	1.0
622	623	1.0
622	626	1.0
622	627	1.0
623	624	1.0
623	625	1.0
623	626	1.0
624	625	1.0
624	627	1.0
624	628	0.9523809523809523
624	655	0.09523809523809523
624	659	1.0
624	662	1.0
625	626	1.0
625	628	1.0
626	627	1.0
626	629	1.0
626	630	0.9523809523809523
627	628	1.0
627	630	1.0
627	655	0.8095238095238095
627	662	1.0
628	629	1.0
628	661	1.0
628	662	1.0
628	665	1.0
629	630	1.0
629	814	0.8571428571428571
629	817	1.0
629	818	0.5238095238095238
630	631	1.0
630	633	1.0
630	634	0.9523809523809523
631	632	1.0
631	634	1.0
631	635	0.6666666666666666
631	665	1.0
631	666	0.8095238095238095
631	669	1.0
632	633	1.0
632	669	1.0
632	811	0.47619047619047616
632	814	1.0
633	634	1.0
633	636	1.0
633	1000	1.0
633	1003	1.0
633	1004	1.0
634	635	1.0
634	637	1.0
634	652	0.9523809523809523
635	636	1.0
635	638	1.0
635	669	1.0
635	670	1.0
635	673	0.9523809523809523
636	637	1.0
636	639	1.0
636	1003	0.9523809523809523
636	1004	1.0
636	1006	1.0
636	1007	1.0
637	638	1.0
637	640	1.0
637	641	0.8095238095238095
637	648	0.6190476190476191
637	1003	1.0
638	639	1.0
638	641	1.0
638	648	0.6190476190476191
638	649	0.9523809523809523
639	640	1.0
639	679	0.8095238095238095
639	1006	0.9523809523809523
640	641	1.0
641	642	1.0
641	643	0.9523809523809523
641	646	1.0
641	648	0.8571428571428571
642	643	1.0
643	644	1.0
643	645	0.7142857142857143
643	646	1.0
644	645	1.0
644	682	0.42857142857142855
645	646	1.0
646	647	1.0
646	648	1.0
646	649	1.0
647	648	1.0
647	650	1.0
647	651	0.8095238095238095
648	649	1.0
648	651	0.9523809523809523
648	652	1.0
649	650	1.0
649	652	1.0
649	653	1.0
650	651	1.0
650	653	0.9523809523809523
650	654	0.7619047619047619
651	652	1.0
651	654	1.0
652	653	1.0
652	655	1.0
652	656	1.0
652	666	0.7142857142857143
653	654	1.0
653	656	1.0
653	657	0.9523809523809523
654	655	1.0
654	657	1.0
654	658	0.8571428571428571
655	656	1.0
655	658	1.0
655	659	1.0
655	662	1.0
656	657	1.0
656	662	1.0
656	663	1.0
656	666	1.0
656	690	0.8095238095238095
657	658	1.0
657	693	1.0
657	694	0.7142857142857143
658	659	1.0
659	660	1.0
659	661	1.0
659	662	1.0
660	661	1.0
660	663	1.0
660	664	0.9047619047619048
660	697	1.0
661	662	1.0
661	663	0.42857142857142855
661	664	1.0
661	665	0.047619047619047616
661	756	1.0
662	663	1.0
662	665	0.8571428571428571
662	666	1.0
663	664	1.0
663	665	0.9523809523809523
663	666	1.0
663	667	1.0
663	694	0.3333333333333333
664	665	1.0
664	667	1.0
664	668	0.42857142857142855
664	756	0.8571428571428571
665	666	1.0
665	668	0.9523809523809523
665	669	1.0
666	667	1.0
666	670	0.9523809523809523
667	668	1.0
667	670	0.8571428571428571
667	671	1.0
667	687	0.6190476190476191
667	690	0.8095238095238095
667	701	0.7619047619047619
668	669	1.0
668	671	1.0
668	672	1.0
668	838	1.0
668	840	1.0
669	670	1.0
669	672	1.0
670	671	1.0
670	674	0.9523809523809523
670	683	1.0
670	686	0.9523809523809523
670	687	1.0
671	672	1.0
671	674	1.0
671	687	0.6666666666666666
672	673	1.0
672	839	1.0
672	840	1.0
672	841	1.0
673	674	1.0
673	676	1.0
674	675	1.0
674	679	0.5238095238095238
674	680	1.0
674	683	1.0
674	684	0.9523809523809523
675	676	1.0
675	841	0.6666666666666666
675	842	1.0
676	677	1.0
676	678	1.0
676	679	1.0
677	678	1.0
677	680	0.9523809523809523
678	679	1.0
679	680	1.0
679	682	1.0
679	683	1.0
680	681	1.0
680	683	0.7142857142857143
681	682	1.0
681	684	0.9523809523809523
681	685	0.9523809523809523
682	683	1.0
682	685	0.7142857142857143
683	684	1.0
683	686	1.0
683	687	1.0
684	685	1.0
684	686	1.0
684	687	1.0
684	688	1.0
685	686	1.0
685	688	1.0
685	689	0.8571428571428571
686	687	1.0
686	689	1.0
686	690	0.7619047619047619
687	688	1.0
687	690	1.0
687	691	0.9523809523809523
688	689	1.0
688	691	1.0
688	692	0.6666666666666666
689	690	1.0
689	692	1.0
689	693	0.5714285714285714
690	691	1.0
690	693	0.9047619047619048
690	694	1.0
691	692	1.0
691	694	1.0
691	698	1.0
692	693	1.0
693	694	1.0
694	695	1.0
694	697	1.0
694	698	1.0
695	696	1.0
695	697	1.0
695	698	0.9523809523809523
696	697	1.0
696	699	1.0
697	698	1.0
697	700	1.0
697	701	0.9523809523809523
698	699	1.0
698	701	1.0
698	702	1.0
699	700	1.0
699	702	1.0
699	703	0.7142857142857143
700	701	1.0
700	703	1.0
700	704	1.0
700	750	0.6666666666666666
701	702	1.0
701	704	1.0
701	705	0.9047619047619048
702	703	1.0
702	705	1.0
702	706	0.6190476190476191
703	704	1.0
703	706	1.0
703	746	0.8095238095238095
703	750	0.47619047619047616
704	705	1.0
704	707	1.0
704	708	0.8571428571428571
704	750	0.5714285714285714
704	753	0.9523809523809523
705	706	1.0
705	708	1.0
705	709	0.9047619047619048
706	707	1.0
706	709	1.0
706	710	0.8571428571428571
706	746	1.0
707	708	1.0
707	710	1.0
707	711	0.5714285714285714
707	746	1.0
707	747	1.0
708	709	1.0
708	711	1.0
708	712	0.7619047619047619
708	840	1.0
709	710	1.0
709	712	1.0
710	711	1.0
710	713	1.0
710	714	0.7619047619047619
710	743	1.0
710	746	1.0
710	747	0.7619047619047619
711	712	1.0
711	714	0.9523809523809523
711	715	0.8095238095238095
711	800	1.0
712	713	1.0
712	715	1.0
712	716	1.0
712	802	1.0
712	844	1.0
713	714	1.0
713	716	1.0
714	715	1.0
714	717	0.9047619047619048
714	738	0.5238095238095238
714	778	0.6190476190476191
715	716	1.0
715	718	1.0
715	719	0.47619047619047616
715	778	1.0
715	800	0.8095238095238095
715	802	1.0
716	717	1.0
716	719	0.9523809523809523
716	720	0.47619047619047616
717	718	1.0
717	721	1.0
717	722	1.0
717	734	0.23809523809523808
717	737	0.19047619047619047
718	719	1.0
718	722	0.8571428571428571
718	734	0.047619047619047616
718	770	0.09523809523809523
718	776	0.9523809523809523
719	720	1.0
719	723	0.6190476190476191
719	775	0.047619047619047616
719	802	0.23809523809523808
720	721	1.0
720	723	0.8095238095238095
721	722	1.0
722	723	1.0
722	725	0.7142857142857143
722	730	0.9523809523809523
722	733	0.7619047619047619
723	724	1.0
724	725	1.0
725	726	1.0
725	729	1.0
725	730	0.9523809523809523
726	727	1.0
726	728	1.0
726	729	1.0
726	730	0.2857142857142857
727	728	1.0
727	730	1.0
727	770	1.0
727	772	0.7142857142857143
728	729	1.0
728	731	0.9523809523809523
728	732	0.6190476190476191
729	730	1.0
729	732	1.0
730	731	1.0
730	733	1.0
730	734	0.7619047619047619
730	770	0.9047619047619048
731	732	1.0
731	734	1.0
731	735	0.9047619047619048
731	769	0.9523809523809523
731	770	1.0
732	733	1.0
732	735	0.9523809523809523
733	734	1.0
733	736	0.8095238095238095
734	735	1.0
734	737	1.0
734	738	1.0
735	736	1.0
735	738	1.0
735	739	0.9523809523809523
735	765	1.0
736	737	1.0
736	739	0.8571428571428571
737	738	1.0
737	740	0.7619047619047619
738	739	1.0
738	743	1.0
738	765	0.8571428571428571
739	740	1.0
739	744	0.6190476190476191
739	765	0.6190476190476191
740	741	1.0
740	742	1.0
740	743	1.0
741	742	1.0
741	744	0.9523809523809523
741	745	0.9047619047619048
742	743	1.0
742	745	1.0
742	746	0.8095238095238095
743	744	1.0
743	746	1.0
743	747	1.0
744	745	1.0
744	747	0.42857142857142855
744	748	0.9523809523809523
744	763	0.23809523809523808
745	746	1.0
746	747	1.0
747	748	1.0
747	763	1.0
748	749	1.0
748	761	1.0
748	762	1.0
748	763	1.0
749	750	1.0
749	760	1.0
749	761	1.0
749	762	0.14285714285714285
750	751	1.0
750	760	1.0
751	752	1.0
751	756	0.8571428571428571
751	758	0.09523809523809523
751	759	1.0
752	753	1.0
752	754	1.0
752	755	1.0
752	758	1.0
752	760	1.0
753	754	1.0
753	838	0.9523809523809523
753	846	0.5238095238095238
754	755	1.0
754	836	0.9523809523809523
754	837	0.047619047619047616
754	838	1.0
754	848	1.0
755	756	1.0
755	757	1.0
755	758	1.0
756	757	1.0
757	758	1.0
758	759	1.0
759	760	1.0
759	761	0.8571428571428571
759	784	0.47619047619047616
759	785	1.0
759	786	0.7619047619047619
760	761	1.0
760	782	1.0
761	762	1.0
761	782	1.0
761	783	1.0
761	785	1.0
762	763	1.0
762	764	0.2857142857142857
762	783	1.0
763	764	1.0
763	765	0.8095238095238095
763	782	1.0
764	765	1.0
764	766	1.0
764	767	1.0
764	781	1.0
764	782	0.7142857142857143
764	783	0.5238095238095238
764	795	0.3333333333333333
765	766	1.0
765	768	1.0
766	767	1.0
767	768	1.0
767	769	0.19047619047619047
767	781	1.0
768	769	1.0
768	779	0.47619047619047616
768	780	1.0
768	781	1.0
769	770	1.0
769	779	1.0
770	771	1.0
770	776	1.0
770	778	1.0
771	772	1.0
771	773	1.0
771	776	0.47619047619047616
771	777	1.0
771	779	1.0
771	799	0.7619047619047619
772	773	1.0
773	774	1.0
773	775	1.0
773	776	0.47619047619047616
773	777	0.6190476190476191
774	775	1.0
775	776	1.0
775	777	0.8571428571428571
775	803	0.38095238095238093
775	804	1.0
776	777	1.0
777	778	1.0
777	799	1.0
777	800	0.8095238095238095
777	801	1.0
778	779	1.0
778	780	0.7619047619047619
778	800	1.0
779	780	1.0
779	799	1.0
780	781	1.0
780	782	0.38095238095238093
780	797	0.6666666666666666
780	798	1.0
780	800	0.5714285714285714
781	782	1.0
781	795	0.7142857142857143
781	797	1.0
782	783	1.0
782	796	1.0
783	784	1.0
783	785	0.5714285714285714
783	795	0.9047619047619048
784	785	1.0
784	786	1.0
784	789	1.0
784	792	0.047619047619047616
784	794	1.0
784	795	0.6666666666666666
784	796	1.0
785	786	1.0
786	787	1.0
786	788	1.0
786	789	1.0
787	788	1.0
788	789	1.0
788	791	1.0
789	790	1.0
789	792	0.5238095238095238
789	794	0.9523809523809523
790	791	1.0
790	794	0.8095238095238095
791	792	1.0
792	793	1.0
793	794	1.0
793	851	0.6190476190476191
794	795	1.0
795	796	1.0
796	797	1.0
797	798	1.0
797	849	1.0
798	799	1.0
798	846	1.0
798	848	0.8571428571428571
798	849	0.8571428571428571
799	800	1.0
799	801	0.5238095238095238
799	846	0.7142857142857143
799	847	1.0
799	849	1.0
800	801	1.0
800	845	0.8095238095238095
800	846	1.0
801	802	1.0
801	804	1.0
801	806	0.8095238095238095
801	845	1.0
802	803	1.0
802	844	1.0
803	804	1.0
803	843	1.0
804	805	1.0
804	843	1.0
805	806	1.0
805	807	1.0
805	808	1.0
805	843	1.0
806	807	1.0
806	809	1.0
806	810	1.0
806	839	1.0
806	845	1.0
807	808	1.0
807	810	1.0
807	811	1.0
807	839	0.9523809523809523
807	1009	1.0
808	809	1.0
808	811	0.9523809523809523
808	812	1.0
808	933	0.9523809523809523
808	934	1.0
808	936	1.0
809	810	1.0
809	812	1.0
809	813	1.0
809	837	1.0
809	847	0.3333333333333333
809	933	1.0
810	811	1.0
810	813	0.9523809523809523
810	814	0.8571428571428571
810	837	1.0
810	838	0.6666666666666666
810	839	1.0
811	812	1.0
811	814	1.0
811	815	0.9523809523809523
812	813	1.0
812	815	1.0
812	816	0.9523809523809523
812	910	1.0
812	912	0.47619047619047616
812	933	1.0
812	936	0.9523809523809523
813	814	1.0
813	816	1.0
813	817	0.5238095238095238
813	834	1.0
813	835	0.7142857142857143
813	836	1.0
813	837	1.0
814	815	1.0
814	817	1.0
814	818	0.5714285714285714
815	816	1.0
815	818	1.0
815	819	0.8095238095238095
816	817	1.0
816	819	1.0
816	820	0.8095238095238095
816	832	0.6190476190476191
816	834	1.0
816	906	1.0
817	818	1.0
817	820	1.0
817	834	1.0
818	819	1.0
818	821	1.0
819	820	1.0
819	822	1.0
819	823	0.9047619047619048
819	906	1.0
819	990	1.0
820	821	1.0
820	823	1.0
820	824	0.9047619047619048
820	832	1.0
820	834	0.5238095238095238
821	822	1.0
821	824	1.0
821	825	0.9047619047619048
822	823	1.0
822	826	0.9047619047619048
822	989	1.0
822	990	0.8095238095238095
822	993	1.0
823	824	1.0
823	826	1.0
823	828	1.0
823	830	1.0
823	986	0.9523809523809523
823	989	1.0
824	825	1.0
824	827	0.9047619047619048
825	826	1.0
825	827	0.23809523809523808
826	827	1.0
826	828	1.0
826	989	1.0
826	1066	0.7142857142857143
827	828	1.0
827	1066	0.5238095238095238
828	829	1.0
828	830	1.0
828	985	0.9047619047619048
828	986	0.9523809523809523
828	989	0.9523809523809523
828	1066	0.19047619047619047
829	830	1.0
829	898	0.8571428571428571
830	831	1.0
830	832	1.0
830	898	1.0
830	901	0.9047619047619048
830	902	1.0
830	986	1.0
831	832	1.0
831	895	1.0
831	898	1.0
831	899	1.0
831	927	0.42857142857142855
832	833	1.0
832	834	0.6666666666666666
832	899	0.9523809523809523
832	902	1.0
833	834	1.0
833	899	1.0
833	927	1.0
833	929	1.0
834	835	1.0
835	836	1.0
835	848	1.0
835	850	1.0
836	837	1.0
836	847	0.9523809523809523
836	848	1.0
837	838	1.0
837	847	1.0
838	839	1.0
838	840	1.0
838	845	1.0
838	846	1.0
839	840	1.0
839	841	1.0
839	845	1.0
840	841	1.0
840	844	1.0
840	845	1.0
841	842	1.0
841	844	1.0
842	843	1.0
843	844	1.0
844	845	1.0
845	846	1.0
846	847	1.0
847	848	1.0
848	849	1.0
849	850	1.0
850	851	1.0
850	853	1.0
851	852	1.0
852	853	1.0
852	923	1.0
852	924	1.0
853	854	1.0
853	921	1.0
853	922	0.6666666666666666
853	923	1.0
854	855	1.0
854	858	1.0
854	859	1.0
854	921	0.9047619047619048
855	856	1.0
855	857	1.0
855	858	1.0
855	917	0.6190476190476191
855	918	1.0
855	921	1.0
856	857	1.0
856	859	1.0
856	860	1.0
856	876	0.5714285714285714
856	917	1.0
856	920	1.0
856	922	0.5714285714285714
857	858	1.0
857	860	1.0
857	917	1.0
857	918	1.0
858	859	1.0
858	861	0.9523809523809523
859	860	1.0
859	862	0.9523809523809523
859	875	0.8095238095238095
859	876	1.0
859	879	1.0
860	861	1.0
860	863	0.23809523809523808
860	871	1.0
860	875	1.0
860	917	0.8095238095238095
861	862	1.0
861	864	0.09523809523809523
862	863	1.0
862	875	0.6190476190476191
863	864	1.0
863	871	0.5238095238095238
863	872	0.9047619047619048
863	875	1.0
864	865	1.0
864	871	0.7142857142857143
864	872	0.9523809523809523
865	866	1.0
865	867	0.8095238095238095
865	871	1.0
866	867	1.0
866	870	1.0
866	871	0.42857142857142855
866	872	0.9047619047619048
867	868	1.0
867	870	1.0
868	869	1.0
868	870	0.9047619047619048
869	870	1.0
870	871	1.0
871	872	1.0
872	873	1.0
872	874	1.0
872	875	1.0
873	874	1.0
873	957	1.0
873	958	1.0
873	961	1.0
874	875	1.0
874	877	1.0
874	878	1.0
874	961	1.0
874	966	0.14285714285714285
875	876	1.0
875	878	1.0
875	879	0.9523809523809523
876	877	1.0
876	879	1.0
876	958	1.0
876	962	1.0
877	878	1.0
877	880	1.0
877	881	0.8095238095238095
877	961	1.0
877	962	1.0
877	966	0.8571428571428571
878	879	1.0
878	881	1.0
878	882	0.9047619047619048
879	880	1.0
879	882	1.0
879	883	0.8095238095238095
880	881	1.0
880	883	0.9523809523809523
880	884	0.9047619047619048
880	892	1.0
880	896	0.38095238095238093
880	926	0.9523809523809523
880	962	0.7142857142857143
881	882	1.0
881	889	0.8095238095238095
882	883	1.0
883	884	1.0
883	924	0.9523809523809523
884	885	1.0
884	888	0.9523809523809523
884	889	1.0
884	892	1.0
885	886	1.0
885	888	0.7142857142857143
885	889	0.8095238095238095
886	887	1.0
886	888	0.9523809523809523
886	889	0.9047619047619048
886	890	0.5238095238095238
887	888	1.0
887	890	0.7142857142857143
887	891	0.5238095238095238
888	889	1.0
888	891	0.9523809523809523
888	892	0.7142857142857143
889	890	1.0
889	892	1.0
890	891	1.0
891	892	1.0
891	894	1.0
891	895	1.0
892	893	1.0
892	895	1.0
892	896	0.9047619047619048
892	925	0.9523809523809523
892	926	1.0
893	894	1.0
893	896	1.0
893	897	0.8571428571428571
893	962	0.9047619047619048
893	963	0.09523809523809523
893	965	0.9047619047619048
894	895	1.0
894	897	1.0
894	898	0.9047619047619048
895	896	1.0
895	898	1.0
895	899	1.0
895	925	1.0
895	926	1.0
895	927	1.0
896	897	1.0
896	899	1.0
896	900	1.0
896	926	1.0
896	928	1.0
896	962	0.9523809523809523
897	898	1.0
897	900	1.0
897	963	1.0
897	975	0.19047619047619047
897	979	1.0
898	899	1.0
898	901	1.0
899	900	1.0
899	902	0.9523809523809523
899	903	0.6190476190476191
899	927	1.0
899	928	1.0
899	929	0.5714285714285714
900	901	1.0
900	903	0.9523809523809523
900	904	0.9523809523809523
900	928	1.0
900	955	0.047619047619047616
900	959	0.5238095238095238
901	902	1.0
901	904	1.0
901	905	0.5238095238095238
901	979	1.0
901	982	1.0
901	983	1.0
901	986	1.0
902	903	1.0
902	904	1.0
902	905	1.0
902	906	1.0
902	986	0.9523809523809523
903	904	1.0
903	906	1.0
903	907	1.0
903	928	0.8095238095238095
903	929	0.8571428571428571
903	930	1.0
903	953	0.23809523809523808
904	905	1.0
904	907	0.9047619047619048
904	908	0.8571428571428571
904	953	0.8571428571428571
904	983	1.0
905	906	1.0
905	908	1.0
905	909	0.8571428571428571
905	983	1.0
905	986	1.0
905	987	1.0
906	907	1.0
906	909	1.0
906	910	1.0
907	908	1.0
907	910	0.8571428571428571
907	911	0.9047619047619048
907	912	1.0
907	952	1.0
907	953	1.0
908	909	1.0
908	951	1.0
908	1024	1.0
909	910	1.0
909	990	0.7619047619047619
909	1021	0.5238095238095238
909	1024	1.0
910	911	1.0
910	912	1.0
910	936	0.9047619047619048
910	937	0.2857142857142857
911	912	1.0
911	913	1.0
911	937	1.0
911	938	1.0
911	952	1.0
912	913	1.0
912	933	1.0
912	935	1.0
912	936	1.0
912	952	1.0
913	914	1.0
913	915	1.0
913	935	1.0
913	952	1.0
914	915	1.0
914	916	0.8571428571428571
914	934	0.09523809523809523
914	935	1.0
915	916	1.0
915	920	0.5714285714285714
915	952	1.0
915	953	1.0
916	917	1.0
916	918	1.0
916	919	1.0
917	918	1.0
917	920	1.0
918	919	1.0
919	920	1.0
919	931	1.0
919	932	1.0
920	921	1.0
920	930	1.0
921	922	1.0
921	929	1.0
921	931	0.9523809523809523
922	923	1.0
922	926	1.0
922	928	1.0
923	924	1.0
923	925	1.0
923	926	1.0
923	927	1.0
924	925	1.0
925	926	1.0
925	927	1.0
926	927	1.0
926	928	0.5238095238095238
927	928	1.0
927	929	0.6666666666666666
928	929	1.0
929	930	1.0
930	931	1.0
931	932	1.0
932	933	1.0
933	934	1.0
933	936	1.0
934	935	1.0
934	936	1.0
935	936	1.0
935	940	0.8095238095238095
936	937	1.0
936	939	0.42857142857142855
936	1011	1.0
937	938	1.0
937	939	1.0
937	1011	1.0
937	1012	0.3333333333333333
937	1017	0.9523809523809523
937	1020	1.0
938	939	1.0
938	941	0.8571428571428571
938	942	0.5238095238095238
938	949	0.5238095238095238
939	940	1.0
939	942	1.0
939	1011	1.0
940	941	1.0
940	943	0.14285714285714285
941	942	1.0
941	945	0.9523809523809523
942	943	1.0
942	947	0.42857142857142855
943	944	1.0
944	945	1.0
945	946	1.0
946	947	1.0
946	948	0.7619047619047619
947	948	1.0
948	949	1.0
949	950	1.0
949	1020	0.6666666666666666
949	1023	0.8571428571428571
949	1024	0.8571428571428571
950	951	1.0
950	1041	0.19047619047619047
950	1045	0.8095238095238095
951	952	1.0
951	954	0.6190476190476191
951	1041	1.0
951	1042	0.9523809523809523
951	1045	1.0
952	953	1.0
953	954	1.0
954	955	1.0
954	956	0.38095238095238093
954	1045	1.0
954	1046	1.0
955	956	1.0
955	959	1.0
955	960	1.0
956	957	1.0
956	958	1.0
956	959	1.0
957	958	1.0
957	960	1.0
958	959	1.0
958	961	0.7619047619047619
959	960	1.0
959	962	1.0
960	961	1.0
960	963	0.9523809523809523
960	964	1.0
960	970	1.0
961	962	1.0
961	964	1.0
961	966	1.0
962	963	1.0
963	964	1.0
963	970	0.09523809523809523
963	975	0.8095238095238095
963	976	1.0
964	965	1.0
964	966	1.0
964	967	1.0
964	969	0.2857142857142857
964	970	1.0
964	973	1.0
965	966	1.0
966	967	1.0
967	968	1.0
967	969	1.0
968	969	1.0
969	970	1.0
969	971	0.38095238095238093
970	971	1.0
970	973	0.42857142857142855
970	976	0.6666666666666666
971	972	1.0
971	976	0.7619047619047619
971	1049	1.0
972	973	1.0
973	974	1.0
973	975	1.0
973	976	0.9523809523809523
974	975	1.0
974	977	1.0
974	978	1.0
975	976	1.0
975	978	1.0
975	979	0.5238095238095238
976	977	1.0
976	979	1.0
977	978	1.0
977	980	1.0
977	981	0.7619047619047619
978	979	1.0
978	981	1.0
978	982	0.7619047619047619
979	980	1.0
979	982	1.0
979	983	0.6666666666666666
980	981	1.0
980	983	1.0
980	984	0.6666666666666666
980	1050	0.8095238095238095
980	1051	0.5238095238095238
981	982	1.0
981	984	1.0
981	985	0.9047619047619048
981	1057	0.2857142857142857
981	1060	0.38095238095238093
982	983	1.0
982	985	1.0
982	986	0.9523809523809523
983	984	1.0
983	986	1.0
983	987	1.0
984	985	1.0
984	987	1.0
984	988	0.9523809523809523
984	1035	1.0
984	1057	1.0
985	986	1.0
985	988	1.0
985	989	0.8571428571428571
985	1065	1.0
986	987	1.0
986	989	1.0
987	988	1.0
987	990	0.9523809523809523
987	991	1.0
987	1038	1.0
988	989	1.0
988	991	1.0
988	992	1.0
988	1065	1.0
989	990	1.0
989	992	0.9523809523809523
990	991	1.0
990	993	0.9523809523809523
991	992	1.0
991	994	1.0
991	1025	1.0
991	1034	0.8571428571428571
992	993	1.0
993	994	1.0
993	996	1.0
994	995	1.0
994	997	1.0
994	998	1.0
994	1025	1.0
994	1027	1.0
995	996	1.0
995	998	1.0
996	997	1.0
996	999	1.0
996	1000	0.9047619047619048
997	998	1.0
997	1000	0.9523809523809523
997	1021	0.7142857142857143
998	999	1.0
998	1001	1.0
998	1002	1.0
998	1018	0.7619047619047619
999	1000	1.0
999	1002	1.0
999	1003	0.8571428571428571
1000	1001	1.0
1001	1002	1.0
1001	1004	1.0
1001	1012	0.5238095238095238
1001	1018	1.0
1001	1021	0.9523809523809523
1002	1003	1.0
1002	1005	1.0
1002	1018	0.8571428571428571
1003	1004	1.0
1004	1005	1.0
1004	1007	1.0
1004	1009	0.09523809523809523
1004	1012	0.9523809523809523
1005	1006	1.0
1006	1007	1.0
1007	1008	1.0
1007	1009	1.0
1008	1009	1.0
1008	1010	0.09523809523809523
1009	1010	1.0
1009	1011	1.0
1009	1012	0.9523809523809523
1010	1011	1.0
1010	1013	0.7619047619047619
1011	1012	1.0
1011	1017	0.6190476190476191
1012	1013	1.0
1012	1017	1.0
1013	1014	1.0
1013	1017	0.9523809523809523
1014	1015	1.0
1014	1016	1.0
1014	1017	1.0
1015	1016	1.0
1015	1018	1.0
1015	1019	0.6190476190476191
1016	1017	1.0
1016	1019	1.0
1017	1018	1.0
1017	1019	0.09523809523809523
1017	1020	0.7619047619047619
1018	1019	1.0
1018	1021	0.9523809523809523
1018	1022	0.6666666666666666
1019	1020	1.0
1019	1022	1.0
1019	1023	1.0
1020	1021	1.0
1020	1023	1.0
1020	1024	0.7619047619047619
1021	1022	1.0
1021	1024	1.0
1021	1025	1.0
1022	1023	1.0
1022	1027	1.0
1023	1024	1.0
1023	1026	0.38095238095238093
1024	1025	1.0
1025	1026	1.0
1025	1027	1.0
1026	1027	1.0
1026	1029	1.0
1026	1034	1.0
1026	1037	1.0
1027	1028	1.0
1028	1029	1.0
1029	1030	1.0
1029	1033	1.0
1029	1034	1.0
1030	1031	1.0
1030	1032	1.0
1030	1033	1.0
1031	1032	1.0
1031	1034	1.0
1032	1033	1.0
1033	1034	1.0
1033	1036	1.0
1033	1037	1.0
1034	1035	1.0
1034	1037	1.0
1034	1038	0.7142857142857143
1035	1036	1.0
1035	1038	1.0
1035	1039	0.9047619047619048
1036	1037	1.0
1036	1039	1.0
1036	1040	1.0
1036	1054	0.47619047619047616
1037	1038	1.0
1037	1040	1.0
1037	1041	1.0
1038	1039	1.0
1038	1041	1.0
1038	1042	0.9523809523809523
1039	1040	1.0
1039	1042	1.0
1039	1043	1.0
1039	1054	1.0
1040	1041	1.0
1040	1043	1.0
1040	1044	1.0
1041	1042	1.0
1041	1044	1.0
1041	1045	1.0
1042	1043	1.0
1042	1045	1.0
1042	1046	1.0
1042	1050	1.0
1043	1044	1.0
1043	1046	0.9047619047619048
1043	1048	0.6190476190476191
1043	1050	1.0
1043	1052	0.8571428571428571
1044	1045	1.0
1045	1046	1.0
1046	1047	1.0
1046	1048	1.0
1046	1049	1.0
1046	1050	1.0
1047	1048	1.0
1048	1049	1.0
1048	1050	0.9523809523809523
1049	1050	1.0
1050	1051	1.0
1050	1052	0.14285714285714285
1051	1052	1.0
1051	1053	0.9523809523809523
1052	1053	1.0
1053	1054	1.0
1053	1055	0.9047619047619048
1053	1056	0.2857142857142857
1054	1055	1.0
1054	1057	1.0
1054	1058	0.6190476190476191
1055	1056	1.0
1055	1058	0.9523809523809523
1055	1059	0.7142857142857143
1056	1057	1.0
1056	1059	0.9523809523809523
1056	1060	0.7619047619047619
1057	1058	1.0
1057	1060	0.6666666666666666
1058	1059	1.0
1058	1061	0.09523809523809523
1058	1062	0.7142857142857143
1059	1060	1.0
1059	1062	0.2857142857142857
1060	1061	1.0
1061	1062	1.0
1061	1065	0.38095238095238093
1062	1063	1.0
1063	1064	1.0
1064	1065	1.0
1064	1066	0.8571428571428571
1064	1067	0.42857142857142855
1065	1066	1.0
1066	1067	1.0
0	75	0.7142857142857143
0	122	0.8571428571428571
0	123	0.38095238095238093
1	76	0.7619047619047619
3	11	0.19047619047619047
3	74	0.42857142857142855
10	95	0.5714285714285714
15	37	0.9047619047619048
15	89	0.6190476190476191
18	37	0.3333333333333333
19	37	0.8095238095238095
22	30	0.6666666666666666
23	32	0.09523809523809523
24	28	0.6666666666666666
24	100	0.42857142857142855
29	52	0.7619047619047619
40	86	0.7619047619047619
41	88	0.047619047619047616
42	85	0.6666666666666666
45	84	0.6190476190476191
66	102	0.6190476190476191
67	101	0.6190476190476191
69	99	0.19047619047619047
73	78	0.09523809523809523
75	122	0.7142857142857143
79	114	0.7619047619047619
87	741	0.047619047619047616
87	742	0.9047619047619048
90	742	0.3333333333333333
93	96	0.6666666666666666
105	110	0.7142857142857143
112	116	0.9047619047619048
118	705	0.38095238095238093
119	121	0.14285714285714285
130	132	0.6666666666666666
134	138	0.7619047619047619
134	644	0.23809523809523808
137	311	0.38095238095238093
139	306	0.09523809523809523
139	307	0.8095238095238095
140	309	0.047619047619047616
140	310	0.14285714285714285
140	311	0.38095238095238093
141	311	0.047619047619047616
145	654	0.8571428571428571
146	653	0.14285714285714285
147	151	0.5714285714285714
148	654	0.47619047619047616
149	153	0.5714285714285714
154	160	0.5714285714285714
154	161	0.2857142857142857
158	296	0.7619047619047619
161	296	0.8571428571428571
167	169	0.38095238095238093
168	260	0.23809523809523808
178	182	0.8571428571428571
181	186	0.5238095238095238
187	189	0.14285714285714285
194	254	0.8571428571428571
195	203	0.23809523809523808
198	200	0.23809523809523808
206	223	0.8571428571428571
208	222	0.9523809523809523
208	223	0.6190476190476191
208	226	0.47619047619047616
210	222	0.3333333333333333
216	266	0.7142857142857143
217	247	0.42857142857142855
219	251	0.7142857142857143
219	266	0.6190476190476191
220	251	0.9523809523809523
221	224	0.9047619047619048
221	245	0.09523809523809523
225	229	0.9523809523809523
233	238	0.19047619047619047
245	247	0.09523809523809523
250	252	0.3333333333333333
252	284	0.2857142857142857
254	256	0.14285714285714285
254	792	0.9523809523809523
255	793	0.23809523809523808
256	786	0.6190476190476191
258	271	0.7142857142857143
273	276	0.8095238095238095
273	277	0.9047619047619048
276	279	0.9523809523809523
278	831	0.9523809523809523
287	291	0.8095238095238095
293	296	0.8095238095238095
294	296	0.047619047619047616
296	298	0.19047619047619047
299	696	0.42857142857142855
300	302	0.38095238095238093
304	692	0.3333333333333333
313	318	0.2857142857142857
313	432	0.047619047619047616
314	430	0.2857142857142857
315	317	0.5238095238095238
315	434	0.3333333333333333
315	482	0.2857142857142857
316	437	0.42857142857142855
317	319	0.5714285714285714
317	322	0.5238095238095238
317	481	0.09523809523809523
317	482	0.38095238095238093
319	321	0.5714285714285714
319	323	0.5238095238095238
320	323	0.38095238095238093
322	482	0.5714285714285714
326	484	0.3333333333333333
329	393	0.9047619047619048
333	395	0.8095238095238095
335	401	0.5714285714285714
344	350	0.047619047619047616
344	407	0.047619047619047616
344	421	0.23809523809523808
344	449	0.09523809523809523
346	449	0.19047619047619047
347	350	0.5714285714285714
349	417	0.047619047619047616
352	354	0.38095238095238093
353	406	0.47619047619047616
354	373	0.6190476190476191
357	401	0.47619047619047616
358	365	0.47619047619047616
360	399	0.14285714285714285
362	398	0.047619047619047616
362	400	0.047619047619047616
366	573	0.3333333333333333
366	574	0.19047619047619047
373	375	0.8571428571428571
375	382	0.42857142857142855
394	574	0.5714285714285714
397	607	0.38095238095238093
409	416	0.3333333333333333
413	415	0.047619047619047616
416	418	0.47619047619047616
423	447	0.8571428571428571
423	455	0.38095238095238093
424	442	0.47619047619047616
425	457	0.7619047619047619
429	433	0.9047619047619048
430	436	0.09523809523809523
435	484	0.19047619047619047
437	478	0.7142857142857143
438	440	0.38095238095238093
438	478	0.6666666666666666
440	476	0.5238095238095238
442	444	0.8095238095238095
442	474	0.6666666666666666
445	447	0.047619047619047616
445	678	0.47619047619047616
448	451	0.8095238095238095
460	462	0.6190476190476191
479	483	0.8571428571428571
488	587	0.09523809523809523
491	584	0.47619047619047616
502	505	0.6190476190476191
508	510	0.09523809523809523
508	516	0.047619047619047616
509	521	0.047619047619047616
510	516	0.14285714285714285
513	515	0.5714285714285714
516	552	0.6190476190476191
518	521	0.7142857142857143
518	552	0.42857142857142855
522	527	0.7619047619047619
522	553	0.6190476190476191
525	529	0.5714285714285714
533	542	0.47619047619047616
533	546	0.8095238095238095
534	566	0.7619047619047619
538	604	0.14285714285714285
540	1027	0.47619047619047616
540	1028	0.19047619047619047
542	566	0.6190476190476191
556	558	0.047619047619047616
568	571	0.9047619047619048
568	582	0.19047619047619047
568	610	0.7142857142857143
577	581	0.47619047619047616
581	585	0.8095238095238095
594	617	0.7142857142857143
595	598	0.6190476190476191
596	598	0.047619047619047616
597	601	0.3333333333333333
598	602	0.3333333333333333
600	605	0.9523809523809523
602	1002	0.9523809523809523
603	1003	0.3333333333333333
611	615	0.7142857142857143
616	620	0.7619047619047619
618	627	0.14285714285714285
618	651	0.3333333333333333
619	651	0.8571428571428571
625	629	0.23809523809523808
627	631	0.6666666666666666
628	631	0.9047619047619048
629	821	0.047619047619047616
632	635	0.047619047619047616
633	637	0.6190476190476191
645	650	0.8571428571428571
649	686	0.2857142857142857
651	655	0.9523809523809523
653	686	0.3333333333333333
653	689	0.3333333333333333
653	690	0.42857142857142855
657	690	0.14285714285714285
659	663	0.5238095238095238
660	756	0.38095238095238093
663	690	0.2857142857142857
666	669	0.5238095238095238
666	690	0.3333333333333333
669	673	0.19047619047619047
670	673	0.8571428571428571
673	679	0.6666666666666666
673	683	0.7619047619047619
680	684	0.47619047619047616
696	698	0.38095238095238093
700	751	0.6666666666666666
703	707	0.9047619047619048
707	750	0.14285714285714285
709	713	0.6666666666666666
711	778	0.38095238095238093
713	717	0.5238095238095238
714	734	0.9047619047619048
714	737	0.7619047619047619
715	776	0.09523809523809523
718	723	0.47619047619047616
718	730	0.6190476190476191
719	803	0.23809523809523808
727	731	0.6190476190476191
729	733	0.38095238095238093
749	759	0.38095238095238093
749	785	0.5238095238095238
750	759	0.19047619047619047
758	796	0.3333333333333333
760	796	0.5714285714285714
761	784	0.23809523809523808
762	782	0.2857142857142857
764	768	0.5714285714285714
777	779	0.3333333333333333
779	797	0.47619047619047616
783	794	0.23809523809523808
784	793	0.9523809523809523
788	792	0.09523809523809523
793	796	0.9047619047619048
795	797	0.14285714285714285
800	802	0.23809523809523808
801	846	0.23809523809523808
805	1009	0.38095238095238093
807	1007	0.7142857142857143
808	1009	0.6190476190476191
808	1011	0.9047619047619048
809	934	0.8095238095238095
811	1004	0.38095238095238093
815	910	0.5238095238095238
815	997	0.38095238095238093
817	821	0.6190476190476191
818	822	0.5714285714285714
822	825	0.9523809523809523
823	827	0.14285714285714285
833	850	0.14285714285714285
848	850	0.14285714285714285
850	923	0.8095238095238095
854	922	0.8095238095238095
856	921	0.047619047619047616
857	861	0.6666666666666666
860	958	0.23809523809523808
861	871	0.14285714285714285
862	879	0.42857142857142855
864	866	0.09523809523809523
871	875	0.6666666666666666
876	880	0.38095238095238093
880	889	0.38095238095238093
880	893	0.5238095238095238
889	893	0.38095238095238093
890	893	0.8095238095238095
890	894	0.6190476190476191
897	901	0.7142857142857143
897	962	0.047619047619047616
907	915	0.7142857142857143
909	1025	0.7619047619047619
913	938	0.8095238095238095
919	930	0.7619047619047619
922	927	0.19047619047619047
932	934	0.7619047619047619
951	953	0.6666666666666666
957	961	0.9523809523809523
959	963	0.8095238095238095
961	970	0.6666666666666666
963	979	0.9523809523809523
964	975	0.9047619047619048
964	976	0.8571428571428571
965	975	0.7619047619047619
967	970	0.5714285714285714
967	973	0.8095238095238095
969	972	0.9523809523809523
973	977	0.14285714285714285
976	980	0.42857142857142855
977	1051	0.14285714285714285
984	1038	0.47619047619047616
984	1061	0.8095238095238095
985	1061	0.7619047619047619
987	1035	0.047619047619047616
988	1035	0.2857142857142857
988	1061	0.6666666666666666
989	1065	0.9523809523809523
990	994	0.5714285714285714
995	999	0.8571428571428571
997	1001	0.7142857142857143
1000	1003	0.9523809523809523
1000	1004	0.5238095238095238
1003	1005	0.047619047619047616
1004	1006	0.47619047619047616
1008	1013	0.047619047619047616
1022	1025	0.9047619047619048
1025	1034	0.14285714285714285
1026	1033	0.3333333333333333
1032	1035	0.9523809523809523
1032	1036	0.7142857142857143
1032	1058	0.8095238095238095
1039	1050	0.5238095238095238
1044	1047	0.09523809523809523
1057	1061	0.9047619047619048
0	675	0.19047619047619047
0	680	0.19047619047619047
7	716	0.2857142857142857
8	13	0.047619047619047616
8	713	0.14285714285714285
9	96	0.09523809523809523
13	713	0.38095238095238093
26	28	0.047619047619047616
26	101	0.6666666666666666
26	102	0.47619047619047616
27	58	0.19047619047619047
46	50	0.6190476190476191
62	67	0.09523809523809523
70	81	0.5714285714285714
71	91	0.3333333333333333
72	77	0.2857142857142857
75	121	0.19047619047619047
79	92	0.09523809523809523
82	103	0.42857142857142855
86	91	0.6666666666666666
92	118	0.09523809523809523
103	105	0.38095238095238093
115	698	0.8095238095238095
120	691	0.38095238095238093
125	128	0.6190476190476191
127	688	0.6190476190476191
129	467	0.047619047619047616
133	312	0.5714285714285714
140	144	0.5238095238095238
144	148	0.7142857142857143
168	624	0.09523809523809523
169	271	0.23809523809523808
172	626	0.23809523809523808
182	186	0.23809523809523808
191	207	0.14285714285714285
192	284	0.42857142857142855
195	224	0.047619047619047616
195	227	0.19047619047619047
196	249	0.047619047619047616
197	202	0.7142857142857143
208	210	0.8571428571428571
219	223	0.7619047619047619
220	286	0.42857142857142855
233	237	0.047619047619047616
236	239	0.3333333333333333
247	249	0.7619047619047619
251	286	0.7619047619047619
277	279	0.047619047619047616
283	792	0.14285714285714285
285	287	0.6190476190476191
306	309	0.23809523809523808
314	432	0.14285714285714285
314	434	0.14285714285714285
315	318	0.38095238095238093
315	437	0.09523809523809523
316	438	0.3333333333333333
318	482	0.23809523809523808
324	329	0.19047619047619047
324	484	0.047619047619047616
327	576	0.7142857142857143
332	388	0.2857142857142857
332	389	0.14285714285714285
347	377	0.7142857142857143
357	402	0.19047619047619047
358	401	0.7142857142857143
377	380	0.14285714285714285
384	386	0.42857142857142855
395	428	0.09523809523809523
410	414	0.23809523809523808
411	414	0.8095238095238095
415	417	0.2857142857142857
417	419	0.2857142857142857
418	454	0.42857142857142855
420	422	0.047619047619047616
424	456	0.047619047619047616
431	643	0.6190476190476191
440	475	0.047619047619047616
442	471	0.5714285714285714
466	677	0.5714285714285714
469	471	0.14285714285714285
488	492	0.9047619047619048
494	577	0.3333333333333333
505	510	0.09523809523809523
505	512	0.09523809523809523
506	517	0.19047619047619047
506	518	0.3333333333333333
507	520	0.047619047619047616
509	511	0.6190476190476191
510	512	0.19047619047619047
512	516	0.5238095238095238
522	556	0.47619047619047616
533	550	0.5714285714285714
541	543	0.42857142857142855
547	551	0.8095238095238095
550	557	0.19047619047619047
557	559	0.23809523809523808
566	570	0.3333333333333333
572	578	0.5714285714285714
584	588	0.19047619047619047
585	588	0.38095238095238093
600	611	0.23809523809523808
601	611	0.2857142857142857
601	648	0.23809523809523808
603	1002	0.2857142857142857
605	611	0.47619047619047616
623	627	0.14285714285714285
634	648	0.42857142857142855
645	649	0.47619047619047616
674	687	0.14285714285714285
716	802	0.8095238095238095
725	733	0.047619047619047616
731	768	0.047619047619047616
735	768	0.3333333333333333
737	743	0.23809523809523808
738	747	0.09523809523809523
740	744	0.3333333333333333
782	795	0.3333333333333333
785	789	0.09523809523809523
788	790	0.47619047619047616
793	795	0.7142857142857143
797	851	0.047619047619047616
798	800	0.5714285714285714
826	1065	0.9047619047619048
827	1067	0.3333333333333333
828	1065	0.47619047619047616
829	831	0.5714285714285714
834	836	0.14285714285714285
835	837	0.19047619047619047
835	847	0.5714285714285714
849	851	0.2857142857142857
850	929	0.38095238095238093
851	853	0.6190476190476191
859	922	0.19047619047619047
860	876	0.09523809523809523
864	875	0.3333333333333333
871	958	0.047619047619047616
875	958	0.09523809523809523
881	884	0.3333333333333333
883	892	0.047619047619047616
884	886	0.19047619047619047
900	902	0.2857142857142857
907	930	0.42857142857142855
911	936	0.14285714285714285
911	1024	0.09523809523809523
915	930	0.3333333333333333
916	920	0.047619047619047616
935	938	0.3333333333333333
939	1017	0.23809523809523808
941	944	0.47619047619047616
950	1044	0.38095238095238093
960	971	0.47619047619047616
960	976	0.2857142857142857
965	967	0.7619047619047619
969	973	0.42857142857142855
992	1064	0.38095238095238093
1005	1012	0.47619047619047616
1005	1013	0.5714285714285714
1007	1012	0.47619047619047616
1029	1037	0.42857142857142855
1030	1034	0.19047619047619047
1031	1062	0.23809523809523808
1031	1063	0.8571428571428571
1032	1062	0.23809523809523808
1035	1057	0.8095238095238095
1039	1052	0.2857142857142857
12	14	0.19047619047619047
18	35	0.42857142857142855
23	100	0.5238095238095238
38	740	0.09523809523809523
38	742	0.6666666666666666
56	58	0.09523809523809523
71	79	0.23809523809523808
109	305	0.09523809523809523
116	692	0.38095238095238093
134	314	0.19047619047619047
136	311	0.23809523809523808
137	314	0.19047619047619047
143	692	0.14285714285714285
165	697	0.09523809523809523
167	660	0.19047619047619047
176	212	0.23809523809523808
192	205	0.7619047619047619
193	219	0.09523809523809523
208	219	0.2857142857142857
219	284	0.047619047619047616
233	235	0.7619047619047619
249	287	0.47619047619047616
252	286	0.09523809523809523
253	285	0.14285714285714285
256	793	0.19047619047619047
288	292	0.047619047619047616
296	696	0.047619047619047616
302	304	0.19047619047619047
304	308	0.3333333333333333
315	430	0.14285714285714285
315	432	0.23809523809523808
316	482	0.38095238095238093
324	479	0.3333333333333333
333	359	0.09523809523809523
337	357	0.09523809523809523
340	342	0.14285714285714285
340	343	0.2857142857142857
341	441	0.047619047619047616
341	473	0.047619047619047616
342	471	0.047619047619047616
343	345	0.8571428571428571
343	405	0.3333333333333333
344	422	0.047619047619047616
344	446	0.047619047619047616
344	470	0.047619047619047616
345	350	0.8571428571428571
345	377	0.8571428571428571
350	353	0.047619047619047616
356	403	0.47619047619047616
358	403	0.19047619047619047
365	369	0.23809523809523808
368	370	0.09523809523809523
369	455	0.09523809523809523
390	394	0.5714285714285714
390	574	0.09523809523809523
398	642	0.2857142857142857
404	424	0.14285714285714285
404	456	0.19047619047619047
411	413	0.5238095238095238
420	453	0.047619047619047616
421	470	0.14285714285714285
435	437	0.42857142857142855
437	477	0.42857142857142855
440	442	0.7142857142857143
444	471	0.38095238095238093
453	455	0.6666666666666666
453	456	0.09523809523809523
467	469	0.047619047619047616
474	476	0.3333333333333333
481	483	0.5238095238095238
494	576	0.047619047619047616
495	499	0.2857142857142857
499	581	0.5238095238095238
502	516	0.23809523809523808
548	570	0.09523809523809523
550	554	0.09523809523809523
572	575	0.3333333333333333
602	1003	0.8095238095238095
603	1005	0.047619047619047616
614	618	0.3333333333333333
618	621	0.14285714285714285
624	661	0.3333333333333333
632	810	0.23809523809523808
644	646	0.09523809523809523
671	840	0.3333333333333333
672	675	0.047619047619047616
673	675	0.047619047619047616
717	720	0.09523809523809523
752	756	0.09523809523809523
770	779	0.38095238095238093
792	794	0.047619047619047616
803	844	0.09523809523809523
827	829	0.23809523809523808
855	920	0.3333333333333333
865	869	0.3333333333333333
865	870	0.6190476190476191
915	919	0.8095238095238095
924	926	0.19047619047619047
938	940	0.19047619047619047
938	952	0.23809523809523808
939	1010	0.38095238095238093
946	950	0.38095238095238093
955	1046	0.6666666666666666
968	970	0.14285714285714285
992	1063	0.14285714285714285
1035	1054	0.14285714285714285
1043	1049	0.19047619047619047
1054	1056	0.09523809523809523
7	74	0.047619047619047616
8	89	0.42857142857142855
14	717	0.2857142857142857
19	34	0.047619047619047616
28	57	0.14285714285714285
31	48	0.42857142857142855
36	88	0.09523809523809523
105	109	0.14285714285714285
117	122	0.5714285714285714
132	136	0.38095238095238093
133	311	0.047619047619047616
150	657	0.6666666666666666
168	259	0.047619047619047616
181	212	0.047619047619047616
187	211	0.3333333333333333
188	190	0.047619047619047616
189	211	0.047619047619047616
189	212	0.38095238095238093
189	214	0.047619047619047616
189	266	0.19047619047619047
217	263	0.38095238095238093
223	227	0.7619047619047619
257	786	0.14285714285714285
272	276	0.6190476190476191
305	309	0.23809523809523808
316	478	0.047619047619047616
332	387	0.2857142857142857
339	382	0.38095238095238093
342	344	0.19047619047619047
345	347	0.42857142857142855
345	353	0.2857142857142857
345	407	0.6666666666666666
352	377	0.09523809523809523
365	368	0.047619047619047616
397	608	0.09523809523809523
429	434	0.5714285714285714
431	645	0.14285714285714285
435	482	0.047619047619047616
500	504	0.047619047619047616
501	504	0.42857142857142855
501	505	0.19047619047619047
504	508	0.5238095238095238
505	508	0.6666666666666666
506	512	0.047619047619047616
509	512	0.2857142857142857
519	555	0.42857142857142855
530	553	0.5714285714285714
558	588	0.14285714285714285
564	596	0.09523809523809523
575	579	0.14285714285714285
596	600	0.047619047619047616
634	638	0.38095238095238093
718	778	0.09523809523809523
723	776	0.047619047619047616
778	799	0.09523809523809523
806	837	0.47619047619047616
819	832	0.14285714285714285
842	844	0.38095238095238093
855	859	0.09523809523809523
858	862	0.19047619047619047
860	865	0.047619047619047616
861	865	0.047619047619047616
863	865	0.047619047619047616
873	968	0.09523809523809523
900	963	0.3333333333333333
912	915	0.3333333333333333
929	931	0.14285714285714285
948	950	0.09523809523809523
956	960	0.047619047619047616
961	968	0.3333333333333333
1031	1035	0.47619047619047616
7	14	0.09523809523809523
23	30	0.19047619047619047
81	83	0.42857142857142855
130	681	0.047619047619047616
134	463	0.047619047619047616
139	143	0.6190476190476191
151	155	0.5238095238095238
160	164	0.2857142857142857
161	297	0.19047619047619047
161	298	0.19047619047619047
163	168	0.19047619047619047
165	297	0.14285714285714285
179	827	0.3333333333333333
184	186	0.09523809523809523
192	194	0.23809523809523808
193	205	0.38095238095238093
193	286	0.6190476190476191
194	283	0.5714285714285714
196	198	0.38095238095238093
212	265	0.2857142857142857
223	286	0.6190476190476191
251	259	0.19047619047619047
257	751	0.14285714285714285
275	279	0.19047619047619047
297	299	0.5714285714285714
297	695	0.2857142857142857
317	437	0.09523809523809523
321	323	0.23809523809523808
324	482	0.19047619047619047
332	334	0.047619047619047616
338	381	0.09523809523809523
342	378	0.09523809523809523
370	388	0.2857142857142857
406	419	0.19047619047619047
407	409	0.23809523809523808
409	419	0.047619047619047616
422	469	0.7142857142857143
424	462	0.047619047619047616
427	430	0.3333333333333333
434	483	0.09523809523809523
470	472	0.38095238095238093
478	480	0.09523809523809523
505	509	0.6666666666666666
555	558	0.14285714285714285
763	780	0.14285714285714285
775	801	0.38095238095238093
856	958	0.19047619047619047
866	873	0.38095238095238093
898	982	0.23809523809523808
908	911	0.19047619047619047
957	970	0.14285714285714285
991	1031	0.3333333333333333
1049	1051	0.047619047619047616
1	3	0.14285714285714285
1	75	0.047619047619047616
20	33	0.047619047619047616
29	56	0.3333333333333333
68	70	0.09523809523809523
70	79	0.047619047619047616
120	671	0.09523809523809523
122	674	0.09523809523809523
129	465	0.047619047619047616
131	136	0.14285714285714285
133	313	0.38095238095238093
133	314	0.3333333333333333
136	312	0.42857142857142855
141	145	0.09523809523809523
142	146	0.2857142857142857
142	653	0.14285714285714285
142	686	0.23809523809523808
177	277	0.047619047619047616
180	277	0.3333333333333333
203	205	0.14285714285714285
206	227	0.42857142857142855
228	234	0.047619047619047616
229	232	0.047619047619047616
319	482	0.09523809523809523
352	407	0.047619047619047616
355	371	0.19047619047619047
359	365	0.14285714285714285
402	424	0.14285714285714285
407	418	0.23809523809523808
408	410	0.09523809523809523
445	469	0.5238095238095238
448	456	0.23809523809523808
450	452	0.2857142857142857
451	456	0.38095238095238093
506	509	0.19047619047619047
513	517	0.047619047619047616
532	536	0.047619047619047616
590	592	0.09523809523809523
591	616	0.19047619047619047
608	646	0.09523809523809523
610	612	0.3333333333333333
676	680	0.5238095238095238
708	753	0.14285714285714285
727	776	0.19047619047619047
789	793	0.23809523809523808
823	832	0.19047619047619047
828	1067	0.14285714285714285
829	1067	0.14285714285714285
830	899	0.19047619047619047
873	956	0.14285714285714285
905	990	0.14285714285714285
921	930	0.09523809523809523
942	945	0.42857142857142855
970	972	0.09523809523809523
985	1066	0.047619047619047616
988	1064	0.2857142857142857
990	1025	0.3333333333333333
1002	1015	0.047619047619047616
1005	1014	0.047619047619047616
1006	1008	0.3333333333333333
1061	1066	0.09523809523809523
77	79	0.09523809523809523
113	124	0.5714285714285714
116	124	0.5238095238095238
117	123	0.38095238095238093
117	124	0.6190476190476191
121	705	0.09523809523809523
124	127	0.5714285714285714
124	688	0.5238095238095238
136	310	0.047619047619047616
143	304	0.09523809523809523
196	787	0.14285714285714285
220	224	0.5714285714285714
241	243	0.047619047619047616
307	310	0.09523809523809523
310	312	0.23809523809523808
338	382	0.14285714285714285
351	411	0.14285714285714285
358	388	0.09523809523809523
397	433	0.5714285714285714
410	415	0.09523809523809523
502	504	0.23809523809523808
511	516	0.19047619047619047
554	581	0.09523809523809523
671	841	0.14285714285714285
682	686	0.2857142857142857
745	748	0.047619047619047616
820	830	0.047619047619047616
824	828	0.047619047619047616
865	872	0.47619047619047616
992	1065	0.5238095238095238
998	1021	0.6190476190476191
1047	1049	0.19047619047619047
1051	1054	0.42857142857142855
1052	1054	0.2857142857142857
1055	1057	0.047619047619047616
1061	1064	0.047619047619047616
2	675	0.047619047619047616
2	842	0.047619047619047616
9	94	0.2857142857142857
16	37	0.23809523809523808
22	24	0.047619047619047616
49	53	0.23809523809523808
57	59	0.14285714285714285
76	123	0.047619047619047616
135	681	0.047619047619047616
137	312	0.19047619047619047
172	825	0.047619047619047616
177	1067	0.047619047619047616
178	1067	0.09523809523809523
180	276	0.42857142857142855
192	282	0.09523809523809523
193	207	0.047619047619047616
194	196	0.047619047619047616
196	201	0.19047619047619047
201	203	0.047619047619047616
202	204	0.23809523809523808
224	246	0.47619047619047616
228	241	0.5238095238095238
228	242	0.2857142857142857
233	241	0.23809523809523808
235	239	0.14285714285714285
235	241	0.5238095238095238
235	242	0.19047619047619047
238	240	0.6190476190476191
253	792	0.047619047619047616
260	266	0.14285714285714285
312	314	0.09523809523809523
316	439	0.047619047619047616
317	438	0.047619047619047616
317	478	0.047619047619047616
318	320	0.047619047619047616
432	484	0.09523809523809523
441	474	0.14285714285714285
443	466	0.047619047619047616
443	467	0.14285714285714285
513	545	0.047619047619047616
513	548	0.047619047619047616
537	1022	0.14285714285714285
540	542	0.14285714285714285
555	585	0.09523809523809523
565	569	0.09523809523809523
573	578	0.047619047619047616
601	615	0.047619047619047616
601	618	0.047619047619047616
660	694	0.09523809523809523
739	743	0.09523809523809523
748	760	0.047619047619047616
752	759	0.23809523809523808
770	777	0.047619047619047616
867	869	0.19047619047619047
914	919	0.6190476190476191
939	943	0.14285714285714285
940	944	0.09523809523809523
998	1022	0.19047619047619047
1062	1064	0.2857142857142857
0	76	0.42857142857142855
4	10	0.09523809523809523
21	97	0.047619047619047616
25	61	0.14285714285714285
38	88	0.09523809523809523
128	688	0.047619047619047616
130	465	0.047619047619047616
136	140	0.3333333333333333
136	306	0.047619047619047616
137	313	0.09523809523809523
147	303	0.23809523809523808
179	829	0.3333333333333333
180	187	0.047619047619047616
191	219	0.2857142857142857
203	788	0.047619047619047616
277	831	0.14285714285714285
309	311	0.3333333333333333
310	313	0.047619047619047616
316	430	0.047619047619047616
316	434	0.09523809523809523
317	320	0.14285714285714285
317	323	0.047619047619047616
317	434	0.047619047619047616
339	383	0.09523809523809523
370	387	0.09523809523809523
397	399	0.047619047619047616
409	414	0.047619047619047616
410	413	0.047619047619047616
425	460	0.09523809523809523
429	436	0.14285714285714285
431	608	0.047619047619047616
457	459	0.09523809523809523
459	678	0.09523809523809523
487	491	0.047619047619047616
505	518	0.047619047619047616
506	508	0.047619047619047616
511	517	0.047619047619047616
536	542	0.23809523809523808
564	600	0.09523809523809523
587	609	0.047619047619047616
598	1003	0.14285714285714285
601	1003	0.47619047619047616
674	676	0.047619047619047616
682	684	0.14285714285714285
730	776	0.09523809523809523
733	737	0.19047619047619047
801	844	0.047619047619047616
802	843	0.19047619047619047
807	1008	0.047619047619047616
812	934	0.047619047619047616
813	933	0.09523809523809523
830	982	0.14285714285714285
908	987	0.047619047619047616
938	1020	0.14285714285714285
941	946	0.047619047619047616
941	947	0.047619047619047616
981	1061	0.14285714285714285
988	1031	0.23809523809523808
988	1063	0.047619047619047616
1035	1058	0.047619047619047616
1035	1061	0.19047619047619047
0	77	0.38095238095238093
3	10	0.3333333333333333
21	32	0.14285714285714285
73	123	0.23809523809523808
75	126	0.047619047619047616
77	126	0.2857142857142857
78	123	0.14285714285714285
79	123	0.2857142857142857
98	100	0.19047619047619047
140	313	0.047619047619047616
142	649	0.047619047619047616
145	649	0.047619047619047616
152	160	0.047619047619047616
157	298	0.047619047619047616
166	292	0.09523809523809523
204	230	0.047619047619047616
234	241	0.047619047619047616
269	273	0.47619047619047616
306	312	0.047619047619047616
309	312	0.14285714285714285
314	316	0.19047619047619047
335	477	0.047619047619047616
345	421	0.23809523809523808
372	386	0.047619047619047616
439	473	0.09523809523809523
449	451	0.047619047619047616
471	473	0.047619047619047616
502	509	0.09523809523809523
503	505	0.047619047619047616
504	509	0.047619047619047616
508	511	0.047619047619047616
510	518	0.047619047619047616
598	614	0.09523809523809523
604	1002	0.047619047619047616
630	632	0.19047619047619047
769	771	0.09523809523809523
801	803	0.09523809523809523
966	970	0.09523809523809523
967	972	0.047619047619047616
28	30	0.09523809523809523
101	103	0.14285714285714285
122	684	0.3333333333333333
136	313	0.047619047619047616
153	657	0.3333333333333333
154	300	0.047619047619047616
161	165	0.09523809523809523
164	167	0.09523809523809523
189	281	0.38095238095238093
195	285	0.09523809523809523
197	288	0.047619047619047616
198	201	0.23809523809523808
292	296	0.2857142857142857
311	314	0.2857142857142857
325	490	0.047619047619047616
362	603	0.38095238095238093
362	604	0.47619047619047616
363	603	0.47619047619047616
363	604	0.19047619047619047
501	508	0.047619047619047616
501	509	0.047619047619047616
505	513	0.047619047619047616
512	514	0.19047619047619047
530	550	0.19047619047619047
565	605	0.23809523809523808
569	604	0.2857142857142857
631	662	0.047619047619047616
640	1006	0.047619047619047616
715	777	0.047619047619047616
738	768	0.09523809523809523
782	798	0.047619047619047616
796	851	0.047619047619047616
801	847	0.09523809523809523
837	848	0.047619047619047616
892	894	0.047619047619047616
911	949	0.19047619047619047
945	947	0.14285714285714285
967	975	0.047619047619047616
9	74	0.047619047619047616
11	13	0.047619047619047616
23	99	0.047619047619047616
25	48	0.047619047619047616
126	129	0.38095238095238093
127	130	0.38095238095238093
137	431	0.09523809523809523
150	299	0.14285714285714285
169	624	0.23809523809523808
174	213	0.23809523809523808
177	824	0.23809523809523808
193	285	0.09523809523809523
197	203	0.047619047619047616
253	282	0.3333333333333333
267	276	0.14285714285714285
316	322	0.047619047619047616
318	323	0.23809523809523808
318	484	0.047619047619047616
458	603	0.3333333333333333
460	640	0.047619047619047616
539	1002	0.047619047619047616
603	606	0.09523809523809523
606	611	0.047619047619047616
611	646	0.14285714285714285
635	639	0.047619047619047616
639	678	0.047619047619047616
675	680	0.09523809523809523
732	736	0.047619047619047616
876	959	0.09523809523809523
877	965	0.09523809523809523
881	886	0.09523809523809523
885	887	0.19047619047619047
888	890	0.047619047619047616
950	952	0.14285714285714285
1001	1005	0.09523809523809523
1005	1018	0.047619047619047616
1032	1063	0.23809523809523808
14	16	0.047619047619047616
40	44	0.047619047619047616
51	55	0.09523809523809523
71	73	0.09523809523809523
128	306	0.14285714285714285
134	431	0.09523809523809523
169	757	0.047619047619047616
177	825	0.047619047619047616
184	212	0.14285714285714285
254	282	0.19047619047619047
276	281	0.09523809523809523
282	792	0.047619047619047616
347	378	0.09523809523809523
361	363	0.047619047619047616
363	606	0.047619047619047616
431	644	0.047619047619047616
446	468	0.19047619047619047
458	640	0.3333333333333333
594	626	0.09523809523809523
636	1005	0.047619047619047616
672	842	0.047619047619047616
743	745	0.047619047619047616
754	798	0.19047619047619047
754	846	0.23809523809523808
833	923	0.09523809523809523
908	1041	0.047619047619047616
1061	1067	0.2857142857142857
1062	1067	0.2857142857142857
1063	1067	0.047619047619047616
19	88	0.047619047619047616
33	44	0.09523809523809523
39	87	0.19047619047619047
149	653	0.23809523809523808
166	257	0.047619047619047616
183	279	0.047619047619047616
194	791	0.047619047619047616
196	200	0.3333333333333333
198	202	0.19047619047619047
205	207	0.14285714285714285
210	212	0.047619047619047616
212	266	0.2857142857142857
213	267	0.3333333333333333
225	236	0.2857142857142857
228	236	0.3333333333333333
229	236	0.09523809523809523
235	237	0.047619047619047616
252	260	0.09523809523809523
283	788	0.14285714285714285
301	692	0.047619047619047616
331	477	0.047619047619047616
331	479	0.09523809523809523
354	375	0.047619047619047616
354	408	0.14285714285714285
358	455	0.047619047619047616
400	457	0.047619047619047616
403	472	0.09523809523809523
406	408	0.047619047619047616
408	417	0.047619047619047616
512	515	0.19047619047619047
527	560	0.09523809523809523
539	1019	0.09523809523809523
558	585	0.047619047619047616
601	634	0.047619047619047616
661	757	0.047619047619047616
755	836	0.14285714285714285
806	847	0.09523809523809523
841	845	0.09523809523809523
882	886	0.047619047619047616
908	952	0.047619047619047616
914	932	0.047619047619047616
942	946	0.047619047619047616
1026	1038	0.047619047619047616
1039	1051	0.047619047619047616
1039	1057	0.09523809523809523
1051	1056	0.047619047619047616
122	124	0.09523809523809523
139	689	0.047619047619047616
174	267	0.23809523809523808
176	276	0.09523809523809523
178	827	0.047619047619047616
196	202	0.047619047619047616
199	201	0.19047619047619047
212	276	0.047619047619047616
236	241	0.2857142857142857
316	318	0.047619047619047616
327	494	0.047619047619047616
403	423	0.14285714285714285
403	425	0.047619047619047616
403	426	0.047619047619047616
543	547	0.09523809523809523
551	567	0.047619047619047616
551	571	0.09523809523809523
598	630	0.047619047619047616
598	1000	0.047619047619047616
770	772	0.09523809523809523
818	996	0.047619047619047616
897	978	0.047619047619047616
964	971	0.047619047619047616
990	997	0.09523809523809523
1018	1020	0.047619047619047616
1053	1057	0.047619047619047616
2	4	0.047619047619047616
21	34	0.047619047619047616
103	107	0.19047619047619047
152	654	0.047619047619047616
186	211	0.047619047619047616
221	241	0.14285714285714285
224	249	0.047619047619047616
225	241	0.19047619047619047
239	241	0.047619047619047616
240	245	0.23809523809523808
307	309	0.047619047619047616
311	313	0.09523809523809523
314	482	0.047619047619047616
321	481	0.09523809523809523
414	417	0.09523809523809523
424	426	0.09523809523809523
427	436	0.09523809523809523
459	639	0.14285714285714285
719	776	0.047619047619047616
754	758	0.047619047619047616
758	760	0.14285714285714285
937	1021	0.047619047619047616
1060	1067	0.047619047619047616
71	94	0.047619047619047616
78	80	0.047619047619047616
93	97	0.047619047619047616
116	698	0.047619047619047616
145	645	0.047619047619047616
173	268	0.047619047619047616
236	242	0.047619047619047616
246	249	0.047619047619047616
271	757	0.09523809523809523
310	314	0.047619047619047616
316	321	0.047619047619047616
317	321	0.047619047619047616
318	321	0.047619047619047616
321	482	0.19047619047619047
322	324	0.047619047619047616
414	416	0.047619047619047616
459	640	0.09523809523809523
517	519	0.09523809523809523
517	555	0.09523809523809523
527	559	0.047619047619047616
636	638	0.047619047619047616
691	701	0.047619047619047616
721	723	0.047619047619047616
771	778	0.09523809523809523
900	979	0.047619047619047616
923	929	0.047619047619047616
960	1049	0.19047619047619047
970	1049	0.19047619047619047
971	1051	0.14285714285714285
976	1049	0.19047619047619047
20	22	0.047619047619047616
80	114	0.047619047619047616
81	114	0.047619047619047616
102	104	0.047619047619047616
106	305	0.047619047619047616
109	304	0.047619047619047616
124	126	0.047619047619047616
127	139	0.047619047619047616
133	315	0.047619047619047616
133	316	0.047619047619047616
190	208	0.09523809523809523
195	205	0.047619047619047616
197	201	0.14285714285714285
235	240	0.09523809523809523
235	245	0.047619047619047616
321	480	0.047619047619047616
361	400	0.047619047619047616
401	425	0.047619047619047616
513	518	0.047619047619047616
516	518	0.09523809523809523
518	553	0.09523809523809523
646	650	0.047619047619047616
715	801	0.047619047619047616
806	808	0.047619047619047616
850	921	0.047619047619047616
911	1020	0.047619047619047616
958	962	0.09523809523809523
971	1048	0.047619047619047616
1026	1028	0.09523809523809523
81	84	0.09523809523809523
90	706	0.09523809523809523
177	829	0.047619047619047616
180	829	0.047619047619047616
200	787	0.047619047619047616
279	281	0.047619047619047616
314	318	0.047619047619047616
315	431	0.047619047619047616
316	432	0.047619047619047616
335	385	0.047619047619047616
502	517	0.09523809523809523
747	750	0.047619047619047616
748	750	0.047619047619047616
751	760	0.047619047619047616
811	936	0.047619047619047616
955	1049	0.047619047619047616
64	66	0.047619047619047616
83	114	0.047619047619047616
109	302	0.047619047619047616
135	685	0.047619047619047616
153	299	0.047619047619047616
189	282	0.047619047619047616
336	383	0.047619047619047616
439	474	0.047619047619047616
499	517	0.047619047619047616
503	517	0.047619047619047616
518	522	0.047619047619047616
694	701	0.047619047619047616
707	753	0.047619047619047616
738	763	0.047619047619047616
832	903	0.047619047619047616
970	1048	0.047619047619047616
993	995	0.047619047619047616
